timeStamp,elapsed,label,responseCode,responseMessage,threadName,dataType,success,failureMessage,bytes,sentBytes,grpThreads,allThreads,URL,Latency,IdleTime,Connect
1755891577421,5687,REST Request,201,,REST Request 1-1,text,true,,423,802622,1,1,http://localhost:8081/auth-rest-application/v1/createUser,6864,0,1133
1755891583108,3862,REST Request,201,,REST Request 1-1,text,true,,423,802622,1,1,http://localhost:8081/auth-rest-application/v1/createUser,3876,0,0
1755891586970,4097,REST Request,201,,REST Request 1-1,text,true,,423,802622,1,1,http://localhost:8081/auth-rest-application/v1/createUser,4098,0,0
1755891591067,5557,REST Request,201,,REST Request 1-1,text,true,,423,802622,1,1,http://localhost:8081/auth-rest-application/v1/createUser,5557,0,0
1755891596624,6739,REST Request,201,,REST Request 1-1,text,true,,423,802622,1,1,http://localhost:8081/auth-rest-application/v1/createUser,6741,0,0
1755891603363,9195,REST Request,201,,REST Request 1-1,text,true,,423,802622,1,1,http://localhost:8081/auth-rest-application/v1/createUser,9196,0,0
1755891612558,9208,REST Request,201,,REST Request 1-1,text,true,,423,802622,1,1,http://localhost:8081/auth-rest-application/v1/createUser,9210,0,0
1755891621766,5040,REST Request,201,,REST Request 1-1,text,true,,423,802622,1,1,http://localhost:8081/auth-rest-application/v1/createUser,5041,0,0
1755891626806,4053,REST Request,201,,REST Request 1-1,text,true,,423,802622,1,1,http://localhost:8081/auth-rest-application/v1/createUser,4053,0,0
1755891630859,4193,REST Request,201,,REST Request 1-1,text,true,,423,802622,1,1,http://localhost:8081/auth-rest-application/v1/createUser,4196,0,0
1755891635052,3959,REST Request,201,,REST Request 1-1,text,true,,423,802622,1,1,http://localhost:8081/auth-rest-application/v1/createUser,3960,0,0
1755891639011,4127,REST Request,201,,REST Request 1-1,text,true,,423,802622,1,1,http://localhost:8081/auth-rest-application/v1/createUser,4128,0,0
1755891643138,4032,REST Request,201,,REST Request 1-1,text,true,,423,802622,1,1,http://localhost:8081/auth-rest-application/v1/createUser,4034,0,1
1755891647170,4157,REST Request,201,,REST Request 1-1,text,true,,423,802622,1,1,http://localhost:8081/auth-rest-application/v1/createUser,4158,0,0
1755891651327,8311,REST Request,201,,REST Request 1-1,text,true,,423,802622,1,1,http://localhost:8081/auth-rest-application/v1/createUser,8311,0,0
1755891659638,4929,REST Request,201,,REST Request 1-1,text,true,,423,802622,1,1,http://localhost:8081/auth-rest-application/v1/createUser,4931,0,0
1755891664567,4100,REST Request,201,,REST Request 1-1,text,true,,423,802622,1,1,http://localhost:8081/auth-rest-application/v1/createUser,4104,0,1
1755891668667,6326,REST Request,201,,REST Request 1-1,text,true,,423,802622,1,1,http://localhost:8081/auth-rest-application/v1/createUser,6328,0,1
1755891674993,3996,REST Request,201,,REST Request 1-1,text,true,,423,802622,1,1,http://localhost:8081/auth-rest-application/v1/createUser,3997,0,0
1755891678989,4170,REST Request,201,,REST Request 1-1,text,true,,423,802622,1,1,http://localhost:8081/auth-rest-application/v1/createUser,4171,0,0
1755891683159,3958,REST Request,201,,REST Request 1-1,text,true,,423,802622,1,1,http://localhost:8081/auth-rest-application/v1/createUser,3959,0,0
1755891687117,4065,REST Request,201,,REST Request 1-1,text,true,,423,802622,1,1,http://localhost:8081/auth-rest-application/v1/createUser,4067,0,0
1755891691182,5411,REST Request,201,,REST Request 1-1,text,true,,423,802622,1,1,http://localhost:8081/auth-rest-application/v1/createUser,5412,0,0
1755891696593,8049,REST Request,201,,REST Request 1-1,text,true,,423,802622,1,1,http://localhost:8081/auth-rest-application/v1/createUser,8050,0,0
1755891704642,6503,REST Request,201,,REST Request 1-1,text,true,,423,802622,1,1,http://localhost:8081/auth-rest-application/v1/createUser,6517,0,0
1755891711145,8937,REST Request,201,,REST Request 1-1,text,true,,423,802622,1,1,http://localhost:8081/auth-rest-application/v1/createUser,8939,0,0
1755891720082,6514,REST Request,201,,REST Request 1-1,text,true,,423,802622,1,1,http://localhost:8081/auth-rest-application/v1/createUser,6514,0,0
1755891726596,7057,REST Request,201,,REST Request 1-1,text,true,,423,802622,1,1,http://localhost:8081/auth-rest-application/v1/createUser,7059,0,0
1755891733653,6007,REST Request,201,,REST Request 1-1,text,true,,423,802622,1,1,http://localhost:8081/auth-rest-application/v1/createUser,6008,0,0
1755891739660,10227,REST Request,201,,REST Request 1-1,text,true,,423,802622,1,1,http://localhost:8081/auth-rest-application/v1/createUser,10228,0,0
1755891749887,5029,REST Request,201,,REST Request 1-1,text,true,,423,802622,1,1,http://localhost:8081/auth-rest-application/v1/createUser,5030,0,0
1755891754916,4298,REST Request,201,,REST Request 1-1,text,true,,423,802622,1,1,http://localhost:8081/auth-rest-application/v1/createUser,4300,0,0
1755891759214,4480,REST Request,201,,REST Request 1-1,text,true,,423,802622,1,1,http://localhost:8081/auth-rest-application/v1/createUser,4484,0,2
1755891763694,3950,REST Request,201,,REST Request 1-1,text,true,,423,802622,1,1,http://localhost:8081/auth-rest-application/v1/createUser,3954,0,1
1755891767644,4344,REST Request,201,,REST Request 1-1,text,true,,423,802622,1,1,http://localhost:8081/auth-rest-application/v1/createUser,4346,0,1
1755891771988,3854,REST Request,201,,REST Request 1-1,text,true,,423,802622,1,1,http://localhost:8081/auth-rest-application/v1/createUser,3856,0,1
1755891775842,4008,REST Request,201,,REST Request 1-1,text,true,,423,802622,1,1,http://localhost:8081/auth-rest-application/v1/createUser,4009,0,0
1755891779850,4114,REST Request,201,,REST Request 1-1,text,true,,423,802622,1,1,http://localhost:8081/auth-rest-application/v1/createUser,4115,0,0
1755891783964,4014,REST Request,201,,REST Request 1-1,text,true,,423,802622,1,1,http://localhost:8081/auth-rest-application/v1/createUser,4015,0,0
1755891787978,4221,REST Request,201,,REST Request 1-1,text,true,,423,802622,1,1,http://localhost:8081/auth-rest-application/v1/createUser,4222,0,0
1755891792199,3987,REST Request,201,,REST Request 1-1,text,true,,423,802622,1,1,http://localhost:8081/auth-rest-application/v1/createUser,3988,0,0
1755891796186,4545,REST Request,201,,REST Request 1-1,text,true,,423,802622,1,1,http://localhost:8081/auth-rest-application/v1/createUser,4547,0,0
1755891800731,4040,REST Request,201,,REST Request 1-1,text,true,,423,802622,1,1,http://localhost:8081/auth-rest-application/v1/createUser,4043,0,1
1755891804771,4117,REST Request,201,,REST Request 1-1,text,true,,423,802622,1,1,http://localhost:8081/auth-rest-application/v1/createUser,4120,0,2
1755891808888,4019,REST Request,201,,REST Request 1-1,text,true,,423,802622,1,1,http://localhost:8081/auth-rest-application/v1/createUser,4020,0,0
1755891812907,8270,REST Request,201,,REST Request 1-1,text,true,,423,802622,1,1,http://localhost:8081/auth-rest-application/v1/createUser,8272,0,0
1755891821177,4739,REST Request,201,,REST Request 1-1,text,true,,423,802622,1,1,http://localhost:8081/auth-rest-application/v1/createUser,4741,0,0
1755891825916,6847,REST Request,201,,REST Request 1-1,text,true,,423,802622,1,1,http://localhost:8081/auth-rest-application/v1/createUser,6848,0,0
1755891832763,9212,REST Request,201,,REST Request 1-1,text,true,,423,802622,1,1,http://localhost:8081/auth-rest-application/v1/createUser,9213,0,0
1755891841975,9063,REST Request,201,,REST Request 1-1,text,true,,423,802622,1,1,http://localhost:8081/auth-rest-application/v1/createUser,9063,0,0
1755891851038,7531,REST Request,201,,REST Request 1-1,text,true,,423,802622,1,1,http://localhost:8081/auth-rest-application/v1/createUser,7532,0,0
1755891858569,8071,REST Request,201,,REST Request 1-1,text,true,,423,802622,1,1,http://localhost:8081/auth-rest-application/v1/createUser,8072,0,0
1755891866640,6444,REST Request,201,,REST Request 1-1,text,true,,423,802622,1,1,http://localhost:8081/auth-rest-application/v1/createUser,6447,0,2
1755891873084,6829,REST Request,201,,REST Request 1-1,text,true,,423,802622,1,1,http://localhost:8081/auth-rest-application/v1/createUser,6830,0,0
1755891879913,4269,REST Request,201,,REST Request 1-1,text,true,,423,802622,1,1,http://localhost:8081/auth-rest-application/v1/createUser,4270,0,0
1755891884182,4137,REST Request,201,,REST Request 1-1,text,true,,423,802622,1,1,http://localhost:8081/auth-rest-application/v1/createUser,4140,0,1
1755891888319,4165,REST Request,201,,REST Request 1-1,text,true,,423,802622,1,1,http://localhost:8081/auth-rest-application/v1/createUser,4166,0,0
1755891892484,4424,REST Request,201,,REST Request 1-1,text,true,,423,802622,1,1,http://localhost:8081/auth-rest-application/v1/createUser,4425,0,0
1755891896908,4019,REST Request,201,,REST Request 1-1,text,true,,423,802622,1,1,http://localhost:8081/auth-rest-application/v1/createUser,4020,0,0
1755891900927,4056,REST Request,201,,REST Request 1-1,text,true,,423,802622,1,1,http://localhost:8081/auth-rest-application/v1/createUser,4058,0,0
1755891904983,5474,REST Request,201,,REST Request 1-1,text,true,,423,802622,1,1,http://localhost:8081/auth-rest-application/v1/createUser,5475,0,0
1755891910457,6739,REST Request,201,,REST Request 1-1,text,true,,423,802622,1,1,http://localhost:8081/auth-rest-application/v1/createUser,6741,0,0
1755891917196,8077,REST Request,201,,REST Request 1-1,text,true,,423,802622,1,1,http://localhost:8081/auth-rest-application/v1/createUser,8079,0,0
1755891925273,5384,REST Request,201,,REST Request 1-1,text,true,,423,802622,1,1,http://localhost:8081/auth-rest-application/v1/createUser,5386,0,0
1755891930657,4504,REST Request,201,,REST Request 1-1,text,true,,423,802622,1,1,http://localhost:8081/auth-rest-application/v1/createUser,4505,0,0
1755891935161,4426,REST Request,201,,REST Request 1-1,text,true,,423,802622,1,1,http://localhost:8081/auth-rest-application/v1/createUser,4430,0,2
1755891939587,10927,REST Request,201,,REST Request 1-1,text,true,,423,802622,1,1,http://localhost:8081/auth-rest-application/v1/createUser,10928,0,0
1755891950514,7732,REST Request,201,,REST Request 1-1,text,true,,423,802622,1,1,http://localhost:8081/auth-rest-application/v1/createUser,7733,0,0
1755891958246,6763,REST Request,201,,REST Request 1-1,text,true,,423,802622,1,1,http://localhost:8081/auth-rest-application/v1/createUser,6764,0,0
1755891965009,5894,REST Request,201,,REST Request 1-1,text,true,,423,802622,1,1,http://localhost:8081/auth-rest-application/v1/createUser,5894,0,0
1755891970903,4361,REST Request,201,,REST Request 1-1,text,true,,423,802622,1,1,http://localhost:8081/auth-rest-application/v1/createUser,4360,0,0
1755891975264,7319,REST Request,201,,REST Request 1-1,text,true,,423,802622,1,1,http://localhost:8081/auth-rest-application/v1/createUser,7324,0,1
1755891982583,4510,REST Request,201,,REST Request 1-1,text,true,,423,802622,1,1,http://localhost:8081/auth-rest-application/v1/createUser,4511,0,0
1755891987093,4110,REST Request,201,,REST Request 1-1,text,true,,423,802622,1,1,http://localhost:8081/auth-rest-application/v1/createUser,4112,0,0
1755891991203,4457,REST Request,201,,REST Request 1-1,text,true,,423,802622,1,1,http://localhost:8081/auth-rest-application/v1/createUser,4458,0,0
1755891995660,4090,REST Request,201,,REST Request 1-1,text,true,,423,802622,1,1,http://localhost:8081/auth-rest-application/v1/createUser,4092,0,0
1755891999750,4288,REST Request,201,,REST Request 1-1,text,true,,423,802622,1,1,http://localhost:8081/auth-rest-application/v1/createUser,4290,0,0
1755892004038,4105,REST Request,201,,REST Request 1-1,text,true,,423,802622,1,1,http://localhost:8081/auth-rest-application/v1/createUser,4107,0,0
1755892008143,4057,REST Request,201,,REST Request 1-1,text,true,,423,802622,1,1,http://localhost:8081/auth-rest-application/v1/createUser,4058,0,0
1755892012200,4247,REST Request,201,,REST Request 1-1,text,true,,423,802622,1,1,http://localhost:8081/auth-rest-application/v1/createUser,4247,0,0
1755892016447,3998,REST Request,201,,REST Request 1-1,text,true,,423,802622,1,1,http://localhost:8081/auth-rest-application/v1/createUser,3999,0,0
1755892020445,4048,REST Request,201,,REST Request 1-1,text,true,,423,802622,1,1,http://localhost:8081/auth-rest-application/v1/createUser,4051,0,2
1755892024493,4131,REST Request,201,,REST Request 1-1,text,true,,423,802622,1,1,http://localhost:8081/auth-rest-application/v1/createUser,4132,0,0
1755892028624,3996,REST Request,201,,REST Request 1-1,text,true,,423,802622,1,1,http://localhost:8081/auth-rest-application/v1/createUser,3997,0,0
1755892032620,4424,REST Request,201,,REST Request 1-1,text,true,,423,802622,1,1,http://localhost:8081/auth-rest-application/v1/createUser,4426,0,0
1755892037044,3896,REST Request,201,,REST Request 1-1,text,true,,423,802622,1,1,http://localhost:8081/auth-rest-application/v1/createUser,3902,0,3
1755892040940,4239,REST Request,201,,REST Request 1-1,text,true,,423,802622,1,1,http://localhost:8081/auth-rest-application/v1/createUser,4239,0,0
1755892045179,4931,REST Request,201,,REST Request 1-1,text,true,,423,802622,1,1,http://localhost:8081/auth-rest-application/v1/createUser,4933,0,1
1755892050110,4233,REST Request,201,,REST Request 1-1,text,true,,423,802622,1,1,http://localhost:8081/auth-rest-application/v1/createUser,4234,0,0
1755892054343,4129,REST Request,201,,REST Request 1-1,text,true,,423,802622,1,1,http://localhost:8081/auth-rest-application/v1/createUser,4130,0,0
1755892058472,7155,REST Request,201,,REST Request 1-1,text,true,,423,802622,1,1,http://localhost:8081/auth-rest-application/v1/createUser,7155,0,0
1755892065627,7060,REST Request,201,,REST Request 1-1,text,true,,423,802622,1,1,http://localhost:8081/auth-rest-application/v1/createUser,7064,0,1
1755892072687,4006,REST Request,201,,REST Request 1-1,text,true,,423,802622,1,1,http://localhost:8081/auth-rest-application/v1/createUser,4009,0,0
1755892076693,5964,REST Request,201,,REST Request 1-1,text,true,,423,802622,1,1,http://localhost:8081/auth-rest-application/v1/createUser,5965,0,0
1755892082657,8670,REST Request,201,,REST Request 1-1,text,true,,423,802622,1,1,http://localhost:8081/auth-rest-application/v1/createUser,8673,0,1
1755892091327,6598,REST Request,201,,REST Request 1-1,text,true,,423,802622,1,1,http://localhost:8081/auth-rest-application/v1/createUser,6600,0,0
1755892097925,5832,REST Request,201,,REST Request 1-1,text,true,,423,802622,1,1,http://localhost:8081/auth-rest-application/v1/createUser,5835,0,3
1755892103757,7071,REST Request,201,,REST Request 1-1,text,true,,423,802622,1,1,http://localhost:8081/auth-rest-application/v1/createUser,7073,0,1
1755892110828,4917,REST Request,201,,REST Request 1-1,text,true,,423,802622,1,1,http://localhost:8081/auth-rest-application/v1/createUser,4918,0,0
1755892115745,3874,REST Request,201,,REST Request 1-1,text,true,,423,802622,1,1,http://localhost:8081/auth-rest-application/v1/createUser,3875,0,0
