timeStamp,elapsed,label,responseCode,responseMessage,threadName,dataType,success,failureMessage,bytes,sentBytes,grpThreads,allThreads,URL,Latency,IdleTime,Connect
1755900773209,4996,GRPC Request,200, success,gRPC Request 1-1,text,true,,80,0,1,1,,9314,0,4213
1755900778205,4079,GRPC Request,200, success,gRPC Request 1-1,text,true,,80,0,1,1,,4091,0,0
1755900782284,4459,GRPC Request,200, success,gRPC Request 1-1,text,true,,80,0,1,1,,4460,0,0
1755900786743,3906,GRPC Request,200, success,gRPC Request 1-1,text,true,,80,0,1,1,,3906,0,0
1755900790649,4219,GRPC Request,200, success,gRPC Request 1-1,text,true,,80,0,1,1,,4220,0,0
1755900794868,3951,GRPC Request,200, success,gRPC Request 1-1,text,true,,80,0,1,1,,3951,0,0
1755900798819,4150,GRPC Request,200, success,gRPC Request 1-1,text,true,,80,0,1,1,,4151,0,0
1755900802969,3844,GRPC Request,200, success,gRPC Request 1-1,text,true,,80,0,1,1,,3845,0,0
1755900806813,3943,GRPC Request,200, success,gRPC Request 1-1,text,true,,80,0,1,1,,3944,0,0
1755900810756,4358,GRPC Request,200, success,gRPC Request 1-1,text,true,,80,0,1,1,,4358,0,0
1755900815114,3982,GRPC Request,200, success,gRPC Request 1-1,text,true,,80,0,1,1,,3982,0,0
1755900819096,3868,GRPC Request,200, success,gRPC Request 1-1,text,true,,80,0,1,1,,3869,0,0
1755900822964,4028,GRPC Request,200, success,gRPC Request 1-1,text,true,,80,0,1,1,,4028,0,0
1755900826992,3771,GRPC Request,200, success,gRPC Request 1-1,text,true,,80,0,1,1,,3772,0,0
1755900830763,3946,GRPC Request,200, success,gRPC Request 1-1,text,true,,80,0,1,1,,3947,0,0
1755900834709,4109,GRPC Request,200, success,gRPC Request 1-1,text,true,,80,0,1,1,,4126,0,0
1755900838818,3922,GRPC Request,200, success,gRPC Request 1-1,text,true,,80,0,1,1,,3922,0,0
1755900842740,3890,GRPC Request,200, success,gRPC Request 1-1,text,true,,80,0,1,1,,3892,0,0
1755900846630,3767,GRPC Request,200, success,gRPC Request 1-1,text,true,,80,0,1,1,,3767,0,0
1755900850397,4283,GRPC Request,200, success,gRPC Request 1-1,text,true,,80,0,1,1,,4284,0,0
1755900854680,4395,GRPC Request,200, success,gRPC Request 1-1,text,true,,80,0,1,1,,4397,0,0
1755900859075,4441,GRPC Request,200, success,gRPC Request 1-1,text,true,,80,0,1,1,,4442,0,0
1755900863516,4108,GRPC Request,200, success,gRPC Request 1-1,text,true,,80,0,1,1,,4108,0,0
1755900867624,10019,GRPC Request,200, success,gRPC Request 1-1,text,true,,80,0,1,1,,10020,0,0
1755900877643,9572,GRPC Request,200, success,gRPC Request 1-1,text,true,,80,0,1,1,,9574,0,0
1755900887215,6657,GRPC Request,200, success,gRPC Request 1-1,text,true,,80,0,1,1,,6657,0,0
1755900893872,5361,GRPC Request,200, success,gRPC Request 1-1,text,true,,80,0,1,1,,5362,0,0
1755900899233,7317,GRPC Request,200, success,gRPC Request 1-1,text,true,,80,0,1,1,,7318,0,0
1755900906550,4493,GRPC Request,200, success,gRPC Request 1-1,text,true,,80,0,1,1,,4494,0,0
1755900911043,4385,GRPC Request,200, success,gRPC Request 1-1,text,true,,80,0,1,1,,4386,0,1
1755900915428,4999,GRPC Request,200, success,gRPC Request 1-1,text,true,,80,0,1,1,,4986,0,0
1755900920427,3982,GRPC Request,200, success,gRPC Request 1-1,text,true,,80,0,1,1,,3998,0,0
1755900924409,5438,GRPC Request,200, success,gRPC Request 1-1,text,true,,80,0,1,1,,5440,0,1
1755900929847,4119,GRPC Request,200, success,gRPC Request 1-1,text,true,,80,0,1,1,,4120,0,0
1755900933966,3829,GRPC Request,200, success,gRPC Request 1-1,text,true,,80,0,1,1,,3831,0,1
1755900937795,4391,GRPC Request,200, success,gRPC Request 1-1,text,true,,80,0,1,1,,4393,0,0
1755900942186,4063,GRPC Request,200, success,gRPC Request 1-1,text,true,,80,0,1,1,,4064,0,0
1755900946249,3941,GRPC Request,200, success,gRPC Request 1-1,text,true,,80,0,1,1,,3943,0,0
1755900950190,4089,GRPC Request,200, success,gRPC Request 1-1,text,true,,80,0,1,1,,4091,0,0
1755900954279,3930,GRPC Request,200, success,gRPC Request 1-1,text,true,,80,0,1,1,,3931,0,0
1755900958209,4087,GRPC Request,200, success,gRPC Request 1-1,text,true,,80,0,1,1,,4087,0,0
1755900962296,3877,GRPC Request,200, success,gRPC Request 1-1,text,true,,80,0,1,1,,3878,0,0
1755900966173,3961,GRPC Request,200, success,gRPC Request 1-1,text,true,,80,0,1,1,,3962,0,0
1755900970134,4809,GRPC Request,200, success,gRPC Request 1-1,text,true,,80,0,1,1,,4809,0,0
1755900974943,3953,GRPC Request,200, success,gRPC Request 1-1,text,true,,80,0,1,1,,3950,0,0
1755900978896,4000,GRPC Request,200, success,gRPC Request 1-1,text,true,,80,0,1,1,,4004,0,0
1755900982896,4117,GRPC Request,200, success,gRPC Request 1-1,text,true,,80,0,1,1,,4119,0,0
1755900987013,3917,GRPC Request,200, success,gRPC Request 1-1,text,true,,80,0,1,1,,3917,0,0
1755900990930,3817,GRPC Request,200, success,gRPC Request 1-1,text,true,,80,0,1,1,,3818,0,0
1755900994747,3778,GRPC Request,200, success,gRPC Request 1-1,text,true,,80,0,1,1,,3779,0,0
1755900998525,3751,GRPC Request,200, success,gRPC Request 1-1,text,true,,80,0,1,1,,3752,0,0
1755901002276,3813,GRPC Request,200, success,gRPC Request 1-1,text,true,,80,0,1,1,,3813,0,0
1755901006089,3862,GRPC Request,200, success,gRPC Request 1-1,text,true,,80,0,1,1,,3863,0,0
1755901009951,3965,GRPC Request,200, success,gRPC Request 1-1,text,true,,80,0,1,1,,3965,0,0
1755901013916,3770,GRPC Request,200, success,gRPC Request 1-1,text,true,,80,0,1,1,,3771,0,0
1755901017686,4187,GRPC Request,200, success,gRPC Request 1-1,text,true,,80,0,1,1,,4188,0,0
1755901021873,4012,GRPC Request,200, success,gRPC Request 1-1,text,true,,80,0,1,1,,4013,0,0
1755901025885,4254,GRPC Request,200, success,gRPC Request 1-1,text,true,,80,0,1,1,,4254,0,0
1755901030139,7352,GRPC Request,200, success,gRPC Request 1-1,text,true,,80,0,1,1,,7354,0,0
1755901037491,4311,GRPC Request,200, success,gRPC Request 1-1,text,true,,80,0,1,1,,4311,0,0
1755901041802,6844,GRPC Request,200, success,gRPC Request 1-1,text,true,,80,0,1,1,,6845,0,0
1755901048646,4064,GRPC Request,200, success,gRPC Request 1-1,text,true,,80,0,1,1,,4065,0,0
1755901052710,4014,GRPC Request,200, success,gRPC Request 1-1,text,true,,80,0,1,1,,4015,0,0
1755901056724,3939,GRPC Request,200, success,gRPC Request 1-1,text,true,,80,0,1,1,,3941,0,1
1755901060663,4038,GRPC Request,200, success,gRPC Request 1-1,text,true,,80,0,1,1,,4039,0,0
1755901064701,4005,GRPC Request,200, success,gRPC Request 1-1,text,true,,80,0,1,1,,4006,0,0
1755901068706,3941,GRPC Request,200, success,gRPC Request 1-1,text,true,,80,0,1,1,,3941,0,0
1755901072647,4571,GRPC Request,200, success,gRPC Request 1-1,text,true,,80,0,1,1,,4572,0,0
1755901077218,4188,GRPC Request,200, success,gRPC Request 1-1,text,true,,80,0,1,1,,4189,0,0
1755901081406,4308,GRPC Request,200, success,gRPC Request 1-1,text,true,,80,0,1,1,,4309,0,0
1755901085714,5350,GRPC Request,200, success,gRPC Request 1-1,text,true,,80,0,1,1,,5351,0,0
1755901091064,7284,GRPC Request,200, success,gRPC Request 1-1,text,true,,80,0,1,1,,7284,0,0
1755901098348,5854,GRPC Request,200, success,gRPC Request 1-1,text,true,,80,0,1,1,,5857,0,0
1755901104202,3897,GRPC Request,200, success,gRPC Request 1-1,text,true,,80,0,1,1,,3897,0,0
1755901108099,3853,GRPC Request,200, success,gRPC Request 1-1,text,true,,80,0,1,1,,3853,0,0
1755901111952,3839,GRPC Request,200, success,gRPC Request 1-1,text,true,,80,0,1,1,,3839,0,0
1755901115791,3910,GRPC Request,200, success,gRPC Request 1-1,text,true,,80,0,1,1,,3910,0,0
1755901119701,3982,GRPC Request,200, success,gRPC Request 1-1,text,true,,80,0,1,1,,3983,0,0
1755901123683,3779,GRPC Request,200, success,gRPC Request 1-1,text,true,,80,0,1,1,,3780,0,0
1755901127462,3884,GRPC Request,200, success,gRPC Request 1-1,text,true,,80,0,1,1,,3883,0,0
1755901131346,4091,GRPC Request,200, success,gRPC Request 1-1,text,true,,80,0,1,1,,4093,0,0
1755901135437,3910,GRPC Request,200, success,gRPC Request 1-1,text,true,,80,0,1,1,,3911,0,0
1755901139347,3793,GRPC Request,200, success,gRPC Request 1-1,text,true,,80,0,1,1,,3794,0,0
1755901143140,4310,GRPC Request,200, success,gRPC Request 1-1,text,true,,80,0,1,1,,4311,0,0
1755901147450,4019,GRPC Request,200, success,gRPC Request 1-1,text,true,,80,0,1,1,,4020,0,0
1755901151469,4304,GRPC Request,200, success,gRPC Request 1-1,text,true,,80,0,1,1,,4305,0,0
1755901155773,3664,GRPC Request,200, success,gRPC Request 1-1,text,true,,80,0,1,1,,3665,0,0
1755901159437,3780,GRPC Request,200, success,gRPC Request 1-1,text,true,,80,0,1,1,,3781,0,0
1755901163217,3865,GRPC Request,200, success,gRPC Request 1-1,text,true,,80,0,1,1,,3865,0,0
1755901167082,3928,GRPC Request,200, success,gRPC Request 1-1,text,true,,80,0,1,1,,3928,0,0
1755901171010,3797,GRPC Request,200, success,gRPC Request 1-1,text,true,,80,0,1,1,,3798,0,0
1755901174807,5324,GRPC Request,200, success,gRPC Request 1-1,text,true,,80,0,1,1,,5325,0,0
1755901180131,7021,GRPC Request,200, success,gRPC Request 1-1,text,true,,80,0,1,1,,7022,0,0
1755901187152,6758,GRPC Request,200, success,gRPC Request 1-1,text,true,,80,0,1,1,,6759,0,0
1755901193910,6654,GRPC Request,200, success,gRPC Request 1-1,text,true,,80,0,1,1,,6655,0,0
1755901200564,8227,GRPC Request,200, success,gRPC Request 1-1,text,true,,80,0,1,1,,8230,0,0
1755901208791,6652,GRPC Request,200, success,gRPC Request 1-1,text,true,,80,0,1,1,,6652,0,0
1755901215443,5975,GRPC Request,200, success,gRPC Request 1-1,text,true,,80,0,1,1,,5976,0,0
1755901221418,4422,GRPC Request,200, success,gRPC Request 1-1,text,true,,80,0,1,1,,4423,0,0
1755901225840,3810,GRPC Request,200, success,gRPC Request 1-1,text,true,,80,0,1,1,,3811,0,0
