System Time,RDTSC,Elapsed Time (sec), CPU Utilization(%),CPU Frequency_0(MHz),Processor Power_0(Watt),Cumulative Processor Energy_0(Joules),Cumulative Processor Energy_0(mWh),IA Power_0(Watt),Cumulative IA Energy_0(Joules),Cumulative IA Energy_0(mWh),Package Temperature_0(C),Package Hot_0,DRAM Power_0(Watt),Cumulative DRAM Energy_0(Joules),Cumulative DRAM Energy_0(mWh),GT Power_0(Watt),Cumulative GT Energy_0(Joules),Cumulative GT Energy_0(mWh),Package PL1_0(Watt),Package PL2_0(Watt),Package PL4_0(Watt),Platform PsysPL1_0(Watt),Platform PsysPL2_0(Watt),GT Frequency(MHz),GT Utilization(%)
16:19:29:671, 27918268920221,    0.104,   94.000, 2700,  10.603,   1.100,   0.305,   8.825,   0.915,   0.254, 56,  0,   1.808,   0.188,   0.052,   0.278,   0.029,   0.008,  15.000,  25.000,   0.000,  90.000,  90.000,   47,   8.254
16:19:29:781, 27918530913851,    0.213,   88.000, 2700,  10.138,   2.206,   0.613,   8.408,   1.833,   0.509, 58,  0,   1.801,   0.384,   0.107,   0.230,   0.054,   0.015,  15.000,  25.000,   0.000,  90.000,  90.000,   40,   6.294
16:19:29:885, 27918782115507,    0.318,   59.000, 2700,   9.050,   3.154,   0.876,   7.345,   2.602,   0.723, 55,  0,   1.414,   0.532,   0.148,   0.092,   0.064,   0.018,  15.000,  25.000,   0.000,  90.000,  90.000,   13,   1.087
16:19:29:995, 27919045068514,    0.427,   99.000, 2700,  10.617,   4.317,   1.199,   8.889,   3.576,   0.993, 56,  0,   1.897,   0.740,   0.206,   0.108,   0.075,   0.021,  15.000,  25.000,   0.000,  90.000,  90.000,   18,   1.337
16:19:30:106, 27919313000584,    0.539,   99.000, 2700,  10.407,   5.479,   1.522,   8.740,   4.552,   1.264, 56,  0,   2.030,   0.967,   0.269,   0.082,   0.085,   0.023,  15.000,  25.000,   0.000,  90.000,  90.000,    9,   0.686
16:19:30:240, 27919649826882,    0.679,   54.000, 2700,  10.001,   6.882,   1.912,   8.443,   5.736,   1.593, 57,  0,   1.710,   1.207,   0.335,   0.097,   0.098,   0.027,  15.000,  25.000,   0.000,  90.000,  90.000,   10,   0.785
16:19:30:332, 27919853592308,    0.764,   38.000, 2700,   7.998,   7.561,   2.100,   6.542,   6.292,   1.748, 55,  0,   1.070,   1.298,   0.360,   0.050,   0.102,   0.028,  15.000,  25.000,   0.000,  90.000,  90.000,    6,   0.688
16:19:30:435, 27920102052808,    0.868,   52.000, 2700,   9.105,   8.504,   2.362,   7.593,   7.078,   1.966, 57,  0,   0.990,   1.400,   0.389,   0.014,   0.104,   0.029,  15.000,  25.000,   0.000,  90.000,  90.000,    1,   0.000
16:19:30:548, 27920373544024,    0.981,   39.000, 2700,   8.403,   9.454,   2.626,   6.803,   7.848,   2.180, 56,  0,   1.130,   1.528,   0.424,   0.015,   0.106,   0.029,  15.000,  25.000,   0.000,  90.000,  90.000,    1,   0.000
16:19:30:658, 27920635883758,    1.090,   29.000, 2700,   7.395,  10.263,   2.851,   5.864,   8.489,   2.358, 54,  0,   1.040,   1.642,   0.456,   0.014,   0.107,   0.030,  15.000,  25.000,   0.000,  90.000,  90.000,    1,   0.000
16:19:30:765, 27920892396029,    1.197,   25.000, 2700,   6.776,  10.987,   3.052,   5.194,   9.044,   2.512, 53,  0,   1.027,   1.751,   0.486,   0.018,   0.109,   0.030,  15.000,  25.000,   0.000,  90.000,  90.000,    1,   0.000
16:19:30:874, 27921155013706,    1.306,   29.000, 2700,   7.398,  11.797,   3.277,   5.794,   9.678,   2.688, 53,  0,   1.064,   1.868,   0.519,   0.015,   0.111,   0.031,  15.000,  25.000,   0.000,  90.000,  90.000,    1,   0.000
16:19:30:981, 27921411189314,    1.413,   29.000, 2700,   7.354,  12.581,   3.495,   5.804,  10.297,   2.860, 53,  0,   1.069,   1.982,   0.551,   0.041,   0.115,   0.032,  15.000,  25.000,   0.000,  90.000,  90.000,    4,   0.280
16:19:31:090, 27921673630377,    1.522,   28.000, 2700,   7.314,  13.381,   3.717,   5.715,  10.922,   3.034, 53,  0,   1.031,   2.095,   0.582,   0.016,   0.117,   0.032,  15.000,  25.000,   0.000,  90.000,  90.000,    2,   0.000
16:19:31:244, 27922059581076,    1.683,   61.000, 2700,   7.602,  14.604,   4.057,   6.015,  11.889,   3.303, 54,  0,   1.135,   2.277,   0.633,   0.050,   0.125,   0.035,  15.000,  25.000,   0.000,  90.000,  90.000,    6,   0.952
16:19:31:317, 27922219226597,    1.750,   30.000, 2700,   7.239,  15.085,   4.190,   5.477,  12.254,   3.404, 51,  0,   1.229,   2.359,   0.655,   0.059,   0.129,   0.036,  15.000,  25.000,   0.000,  90.000,  90.000,    6,   0.540
16:19:31:428, 27922485861566,    1.861,   16.000, 2700,   2.996,  15.418,   4.283,   1.530,  12.424,   3.451, 49,  0,   0.947,   2.464,   0.684,   0.017,   0.131,   0.036,  15.000,  25.000,   0.000,  90.000,  90.000,    1,   0.000
16:19:31:534, 27922738827493,    1.966,   28.000, 2700,   7.381,  16.196,   4.499,   5.882,  13.044,   3.623, 53,  0,   1.010,   2.571,   0.714,   0.014,   0.132,   0.037,  15.000,  25.000,   0.000,  90.000,  90.000,    1,   0.000
16:19:31:649, 27923015139377,    2.081,   28.000, 2700,   7.565,  17.067,   4.741,   5.956,  13.729,   3.814, 54,  0,   1.040,   2.690,   0.747,   0.016,   0.134,   0.037,  15.000,  25.000,   0.000,  90.000,  90.000,    1,   0.000
16:19:31:751, 27923259054673,    2.183,   28.000, 2700,   7.268,  17.806,   4.946,   5.953,  14.334,   3.982, 54,  0,   0.899,   2.782,   0.773,   0.015,   0.136,   0.038,  15.000,  25.000,   0.000,  90.000,  90.000,  119,   0.000
16:19:31:860, 27923522628267,    2.293,   12.000,  800,   3.211,  18.158,   5.044,   1.726,  14.524,   4.034, 48,  0,   0.930,   2.884,   0.801,   0.013,   0.137,   0.038,  15.000,  25.000,   0.000,  90.000,  90.000,    9,   0.000
16:19:31:967, 27923779250300,    2.400,   12.000,  700,   1.944,  18.366,   5.102,   0.490,  14.576,   4.049, 47,  0,   0.793,   2.969,   0.825,   0.179,   0.156,   0.043,  15.000,  25.000,   0.000,  90.000,  90.000,   35,   0.320
16:19:32:076, 27924041444364,    2.509,   25.000,  700,   2.298,  18.617,   5.171,   0.746,  14.658,   4.072, 46,  0,   0.786,   3.054,   0.848,   0.273,   0.186,   0.052,  15.000,  25.000,   0.000,  90.000,  90.000,   44,   0.000
16:19:32:183, 27924296838568,    2.615,   31.000, 2700,   6.510,  19.310,   5.364,   4.603,  15.148,   4.208, 53,  0,   1.003,   3.161,   0.878,   0.381,   0.226,   0.063,  15.000,  25.000,   0.000,  90.000,  90.000,    3,   0.000
16:19:32:292, 27924559190918,    2.725,   45.000, 2700,   9.208,  20.317,   5.643,   6.984,  15.911,   4.420, 55,  0,   1.159,   3.288,   0.913,   0.655,   0.298,   0.083,  15.000,  25.000,   0.000,  90.000,  90.000,    9,   1.182
16:19:32:414, 27924850632148,    2.846,   29.000, 2700,   8.303,  21.325,   5.924,   6.166,  16.660,   4.628, 54,  0,   1.027,   3.413,   0.948,   0.630,   0.375,   0.104,  15.000,  25.000,   0.000,  90.000,  90.000,    1,   0.000
16:19:32:521, 27925107030856,    2.953,   17.000, 2700,   6.093,  21.976,   6.104,   3.886,  17.075,   4.743, 50,  0,   0.968,   3.516,   0.977,   0.632,   0.442,   0.123,  15.000,  25.000,   0.000,  90.000,  90.000,    1,   0.000
16:19:32:630, 27925371165167,    3.063,   17.000,  900,   2.623,  22.264,   6.185,   0.710,  17.153,   4.765, 47,  0,   0.763,   3.600,   1.000,   0.634,   0.512,   0.142,  15.000,  25.000,   0.000,  90.000,  90.000,   26,   0.000
16:19:32:737, 27925625867919,    3.169,   13.000,  900,   4.132,  22.703,   6.306,   2.084,  17.374,   4.826, 47,  0,   0.935,   3.699,   1.028,   0.705,   0.587,   0.163,  15.000,  25.000,   0.000,  90.000,  90.000,   23,   0.000
16:19:32:847, 27925890204500,    3.279,    9.000,  800,   2.615,  22.991,   6.386,   0.681,  17.449,   4.847, 47,  0,   0.759,   3.783,   1.051,   0.669,   0.660,   0.183,  15.000,  25.000,   0.000,  90.000,  90.000,   18,   0.000
16:19:32:966, 27926175511679,    3.398,   22.000, 1600,   3.279,  23.381,   6.495,   1.188,  17.590,   4.886, 47,  0,   0.897,   3.889,   1.080,   0.694,   0.743,   0.206,  15.000,  25.000,   0.000,  90.000,  90.000,    5,   0.235
16:19:33:076, 27926440030137,    3.508,    6.000, 1600,   2.951,  23.706,   6.585,   0.827,  17.682,   4.912, 46,  0,   0.861,   3.984,   1.107,   0.632,   0.813,   0.226,  15.000,  25.000,   0.000,  90.000,  90.000,    1,   0.000
16:19:33:188, 27926707782056,    3.620,   49.000, 2700,   6.329,  24.412,   6.781,   4.176,  18.148,   5.041, 49,  0,   1.321,   4.132,   1.148,   0.652,   0.885,   0.246,  15.000,  25.000,   0.000,  90.000,  90.000,  104,   0.000
16:19:33:297, 27926970978976,    3.730,   20.000, 1000,   4.247,  24.878,   6.911,   2.255,  18.395,   5.110, 47,  0,   0.870,   4.227,   1.174,   0.677,   0.960,   0.267,  15.000,  25.000,   0.000,  90.000,  90.000,   16,   0.425
16:19:33:403, 27927224365208,    3.835,   12.000,  900,   2.937,  25.188,   6.997,   0.997,  18.500,   5.139, 47,  0,   0.749,   4.306,   1.196,   0.705,   1.034,   0.287,  15.000,  25.000,   0.000,  90.000,  90.000,   35,   0.000
16:19:33:523, 27927512378523,    3.955,   11.000,  900,   3.341,  25.589,   7.108,   1.332,  18.660,   5.183, 46,  0,   0.819,   4.404,   1.223,   0.719,   1.120,   0.311,  15.000,  25.000,   0.000,  90.000,  90.000,   41,   0.807
16:19:33:634, 27927780223556,    4.067,    8.000,  900,   3.036,  25.928,   7.202,   1.057,  18.778,   5.216, 46,  0,   0.759,   4.489,   1.247,   0.715,   1.200,   0.333,  15.000,  25.000,   0.000,  90.000,  90.000,   22,   0.000
16:19:33:739, 27928030817802,    4.171,   20.000,  900,   2.940,  26.235,   7.287,   0.914,  18.873,   5.243, 46,  0,   0.812,   4.574,   1.271,   0.689,   1.272,   0.353,  15.000,  25.000,   0.000,  90.000,  90.000,   35,   0.000
16:19:33:851, 27928300130398,    4.283,   20.000,  900,   3.547,  26.633,   7.398,   1.328,  19.022,   5.284, 46,  0,   0.872,   4.672,   1.298,   0.727,   1.354,   0.376,  15.000,  25.000,   0.000,  90.000,  90.000,   25,   0.000
16:19:33:957, 27928553624542,    4.389,   20.000,  900,   4.452,  27.103,   7.529,   2.258,  19.261,   5.350, 46,  0,   1.000,   4.777,   1.327,   0.731,   1.431,   0.397,  15.000,  25.000,   0.000,  90.000,  90.000,   38,   0.521
16:19:34:066, 27928816010332,    4.498,    8.000, 1300,   3.690,  27.506,   7.641,   1.495,  19.424,   5.396, 47,  0,   0.842,   4.870,   1.353,   0.761,   1.514,   0.421,  15.000,  25.000,   0.000,  90.000,  90.000,   11,   0.000
16:19:34:173, 27929073763626,    4.606,   12.000, 1300,   2.954,  27.824,   7.729,   0.856,  19.516,   5.421, 46,  0,   0.849,   4.961,   1.378,   0.665,   1.585,   0.440,  15.000,  25.000,   0.000,  90.000,  90.000,   18,   0.000
16:19:34:284, 27929338246800,    4.716,   25.000,  800,   3.965,  28.260,   7.850,   1.966,  19.733,   5.481, 46,  0,   0.841,   5.053,   1.404,   0.723,   1.665,   0.463,  15.000,  25.000,   0.000,  90.000,  90.000,   36,   1.394
16:19:34:389, 27929592213747,    4.822,   24.000,  900,   3.276,  28.607,   7.946,   1.225,  19.862,   5.517, 47,  0,   0.843,   5.143,   1.429,   0.708,   1.740,   0.483,  15.000,  25.000,   0.000,  90.000,  90.000,   23,   0.000
16:19:34:499, 27929854923468,    4.931,   21.000,  900,   4.469,  29.096,   8.082,   2.332,  20.118,   5.588, 47,  0,   0.945,   5.246,   1.457,   0.689,   1.815,   0.504,  15.000,  25.000,   0.000,  90.000,  90.000,   20,   0.000
16:19:34:605, 27930110060910,    5.038,   21.000,  900,   3.395,  29.457,   8.183,   1.407,  20.267,   5.630, 47,  0,   0.843,   5.336,   1.482,   0.698,   1.890,   0.525,  15.000,  25.000,   0.000,  90.000,  90.000,   33,   0.000
16:19:34:725, 27930398361300,    5.158,   30.000, 2700,   7.148,  30.316,   8.421,   4.962,  20.863,   5.795, 52,  0,   1.023,   5.459,   1.516,   0.715,   1.976,   0.549,  15.000,  25.000,   0.000,  90.000,  90.000,    2,   0.000
16:19:34:837, 27930666275764,    5.269,    8.000,  800,   3.193,  30.672,   8.520,   1.149,  20.991,   5.831, 47,  0,   0.810,   5.549,   1.541,   0.642,   2.047,   0.569,  15.000,  25.000,   0.000,  90.000,  90.000,   16,   0.000
16:19:34:944, 27930922062330,    5.376,   20.000, 2700,   3.609,  31.057,   8.627,   1.583,  21.160,   5.878, 47,  0,   0.917,   5.647,   1.569,   0.730,   2.125,   0.590,  15.000,  25.000,   0.000,  90.000,  90.000,    8,   0.820
16:19:35:055, 27931189188981,    5.487,   12.000, 1300,   2.863,  31.376,   8.715,   0.813,  21.251,   5.903, 46,  0,   0.852,   5.742,   1.595,   0.674,   2.200,   0.611,  15.000,  25.000,   0.000,  90.000,  90.000,   16,   0.220
16:19:35:160, 27931441011698,    5.592,   14.000, 1300,   3.105,  31.701,   8.806,   0.974,  21.353,   5.931, 46,  0,   0.857,   5.832,   1.620,   0.675,   2.271,   0.631,  15.000,  25.000,   0.000,  90.000,  90.000,   19,   0.000
16:19:35:269, 27931703364904,    5.701,   78.000, 2700,   9.123,  32.699,   9.083,   6.779,  22.094,   6.137, 52,  0,   1.465,   5.992,   1.664,   0.697,   2.347,   0.652,  15.000,  25.000,   0.000,  90.000,  90.000,   15,   1.383
16:19:35:377, 27931961611942,    5.809,   44.000, 2300,   7.407,  33.496,   9.304,   5.145,  22.648,   6.291, 50,  0,   1.300,   6.132,   1.703,   0.642,   2.416,   0.671,  15.000,  25.000,   0.000,  90.000,  90.000,    1,   0.000
16:19:35:489, 27932231690076,    5.922,    5.000, 2300,   3.294,  33.867,   9.407,   1.198,  22.782,   6.328, 48,  0,   0.857,   6.228,   1.730,   0.626,   2.487,   0.691,  15.000,  25.000,   0.000,  90.000,  90.000,    1,   0.000
16:19:35:593, 27932480504026,    6.025,    5.000, 2300,   3.244,  34.203,   9.501,   1.166,  22.903,   6.362, 47,  0,   0.844,   6.316,   1.754,   0.637,   2.553,   0.709,  15.000,  25.000,   0.000,  90.000,  90.000,    1,   0.000
16:19:35:702, 27932742968249,    6.135,    5.000, 2300,   3.312,  34.565,   9.601,   1.208,  23.035,   6.399, 47,  0,   0.863,   6.410,   1.781,   0.635,   2.622,   0.728,  15.000,  25.000,   0.000,  90.000,  90.000,    1,   0.000
16:19:35:809, 27932999374932,    6.241,    5.000, 2300,   3.265,  34.914,   9.698,   1.167,  23.160,   6.433, 46,  0,   0.855,   6.502,   1.806,   0.632,   2.690,   0.747,  15.000,  25.000,   0.000,  90.000,  90.000,    1,   0.000
16:19:35:928, 27933284962382,    6.360,    6.000, 2300,   3.249,  35.300,   9.806,   1.154,  23.297,   6.471, 47,  0,   0.848,   6.602,   1.834,   0.638,   2.765,   0.768,  15.000,  25.000,   0.000,  90.000,  90.000,    2,   0.000
16:19:36:041, 27933555170004,    6.473,    6.000, 2300,   3.449,  35.689,   9.914,   1.347,  23.449,   6.514, 46,  0,   0.880,   6.702,   1.862,   0.647,   2.838,   0.788,  15.000,  25.000,   0.000,  90.000,  90.000,    4,   0.237
16:19:36:145, 27933805040524,    6.577,    5.000, 2300,   3.269,  36.029,  10.008,   1.173,  23.571,   6.548, 46,  0,   0.851,   6.790,   1.886,   0.641,   2.905,   0.807,  15.000,  25.000,   0.000,  90.000,  90.000,    1,   0.000
16:19:36:257, 27934074522671,    6.689,   22.000, 2700,   4.654,  36.552,  10.153,   2.502,  23.852,   6.626, 48,  0,   0.913,   6.893,   1.915,   0.655,   2.979,   0.827,  15.000,  25.000,   0.000,  90.000,  90.000,    7,   0.913
16:19:36:362, 27934325304020,    6.794,   30.000, 2700,   5.414,  37.117,  10.310,   3.255,  24.192,   6.720, 49,  0,   1.172,   7.015,   1.949,   0.643,   3.046,   0.846,  15.000,  25.000,   0.000,  90.000,  90.000,    2,   0.000
16:19:36:471, 27934589036402,    6.904,   20.000, 1400,   4.297,  37.590,  10.442,   2.221,  24.436,   6.788, 47,  0,   0.996,   7.125,   1.979,   0.652,   3.117,   0.866,  15.000,  25.000,   0.000,  90.000,  90.000,    2,   0.000
16:19:36:580, 27934848406691,    7.012,    8.000, 2300,   3.389,  37.956,  10.543,   1.243,  24.571,   6.825, 47,  0,   0.932,   7.225,   2.007,   0.671,   3.190,   0.886,  15.000,  25.000,   0.000,  90.000,  90.000,    8,   1.132
16:19:36:689, 27935110988455,    7.121,    6.000, 2300,   3.274,  38.314,  10.643,   1.177,  24.699,   6.861, 46,  0,   0.850,   7.318,   2.033,   0.649,   3.261,   0.906,  15.000,  25.000,   0.000,  90.000,  90.000,    1,   0.000
16:19:36:796, 27935367427262,    7.228,    5.000, 2300,   3.325,  38.669,  10.741,   1.228,  24.831,   6.897, 46,  0,   0.861,   7.410,   2.058,   0.643,   3.330,   0.925,  15.000,  25.000,   0.000,  90.000,  90.000,    1,   0.000
16:19:36:905, 27935630143420,    7.338,    4.000, 2300,   3.250,  39.025,  10.840,   1.140,  24.955,   6.932, 47,  0,   0.851,   7.503,   2.084,   0.636,   3.399,   0.944,  15.000,  25.000,   0.000,  90.000,  90.000,    1,   0.000
16:19:37:012, 27935886982318,    7.445,   11.000, 1100,   3.176,  39.365,  10.935,   1.110,  25.074,   6.965, 46,  0,   0.869,   7.596,   2.110,   0.651,   3.469,   0.964,  15.000,  25.000,   0.000,  90.000,  90.000,   36,   0.936
16:19:37:131, 27936172589676,    7.564,   17.000,  900,   3.159,  39.741,  11.039,   1.130,  25.209,   7.002, 46,  0,   0.791,   7.691,   2.136,   0.704,   3.553,   0.987,  15.000,  25.000,   0.000,  90.000,  90.000,   34,   0.000
16:19:37:286, 27936545518622,    7.719,   81.000, 2700,   4.761,  40.481,  11.245,   2.507,  25.598,   7.111, 49,  0,   1.115,   7.864,   2.184,   0.705,   3.662,   1.017,  15.000,  25.000,   0.000,  90.000,  90.000,    7,   0.818
16:19:37:368, 27936741086322,    7.800,   85.000, 2700,  10.448,  41.332,  11.481,   7.975,  26.248,   7.291, 53,  0,   1.797,   8.010,   2.225,   0.641,   3.714,   1.032,  15.000,  25.000,   0.000,  90.000,  90.000,    6,   0.258
16:19:37:475, 27936998364414,    7.908,   84.000, 2700,  10.431,  42.450,  11.792,   8.041,  27.110,   7.531, 54,  0,   1.698,   8.192,   2.276,   0.636,   3.783,   1.051,  15.000,  25.000,   0.000,  90.000,  90.000,    2,   0.000
16:19:37:585, 27937261592328,    8.017,   18.000,  900,   4.908,  42.988,  11.941,   2.735,  27.410,   7.614, 49,  0,   1.007,   8.303,   2.306,   0.636,   3.852,   1.070,  15.000,  25.000,   0.000,  90.000,  90.000,   17,   0.000
16:19:37:700, 27937537401174,    8.132,   12.000,  900,   2.727,  43.302,  12.028,   0.818,  27.504,   7.640, 47,  0,   0.748,   8.389,   2.330,   0.669,   3.929,   1.091,  15.000,  25.000,   0.000,  90.000,  90.000,   32,   0.000
16:19:37:829, 27937846517512,    8.261,   16.000,  800,   3.192,  43.713,  12.142,   1.168,  27.655,   7.682, 47,  0,   0.800,   8.492,   2.359,   0.720,   4.022,   1.117,  15.000,  25.000,   0.000,  90.000,  90.000,   16,   0.000
16:19:37:933, 27938096493708,    8.365,   27.000,  800,   3.761,  44.105,  12.251,   1.739,  27.836,   7.732, 47,  0,   0.979,   8.594,   2.387,   0.680,   4.093,   1.137,  15.000,  25.000,   0.000,  90.000,  90.000,   20,   0.987
16:19:38:055, 27938390568216,    8.488,   14.000,  900,   2.702,  44.436,  12.343,   0.762,  27.929,   7.758, 46,  0,   0.786,   8.690,   2.414,   0.659,   4.173,   1.159,  15.000,  25.000,   0.000,  90.000,  90.000,   30,   0.099
16:19:38:180, 27938690334735,    8.613,   11.000,  900,   2.925,  44.801,  12.445,   0.967,  28.050,   7.792, 46,  0,   0.752,   8.784,   2.440,   0.706,   4.262,   1.184,  15.000,  25.000,   0.000,  90.000,  90.000,   32,   0.000
16:19:38:275, 27938918344565,    8.708,   17.000, 2700,   4.847,  45.262,  12.573,   2.792,  28.315,   7.865, 47,  0,   0.842,   8.864,   2.462,   0.745,   4.332,   1.203,  15.000,  25.000,   0.000,  90.000,  90.000,   16,   1.640
16:19:38:397, 27939210844868,    8.830,   27.000, 2200,   3.557,  45.695,  12.693,   1.447,  28.491,   7.914, 46,  0,   0.964,   8.981,   2.495,   0.629,   4.409,   1.225,  15.000,  25.000,   0.000,  90.000,  90.000,    1,   0.000
16:19:38:507, 27939473465529,    8.939,    5.000, 2200,   3.190,  46.044,  12.790,   1.116,  28.614,   7.948, 46,  0,   0.847,   9.074,   2.521,   0.629,   4.478,   1.244,  15.000,  25.000,   0.000,  90.000,  90.000,    1,   0.000
16:19:38:614, 27939729955088,    9.046,    5.000, 2200,   3.202,  46.386,  12.885,   1.108,  28.732,   7.981, 47,  0,   0.849,   9.165,   2.546,   0.627,   4.545,   1.262,  15.000,  25.000,   0.000,  90.000,  90.000,    1,   0.000
16:19:38:735, 27940021527696,    9.167,    6.000, 2200,   3.230,  46.779,  12.994,   1.132,  28.870,   8.019, 46,  0,   0.862,   9.269,   2.575,   0.623,   4.620,   1.283,  15.000,  25.000,   0.000,  90.000,  90.000,    1,   0.000
16:19:38:845, 27940286782308,    9.278,   15.000,  800,   3.212,  47.134,  13.093,   1.178,  29.000,   8.055, 46,  0,   0.831,   9.361,   2.600,   0.629,   4.690,   1.303,  15.000,  25.000,   0.000,  90.000,  90.000,   28,   0.000
16:19:38:952, 27940542294500,    9.384,   18.000, 1000,   3.326,  47.488,  13.191,   1.280,  29.136,   8.093, 46,  0,   0.834,   9.450,   2.625,   0.706,   4.765,   1.324,  15.000,  25.000,   0.000,  90.000,  90.000,   38,   0.237
16:19:39:062, 27940805355368,    9.494,   13.000, 1000,   3.552,  47.877,  13.299,   1.402,  29.290,   8.136, 46,  0,   0.869,   9.545,   2.651,   0.701,   4.842,   1.345,  15.000,  25.000,   0.000,  90.000,  90.000,   21,   0.000
16:19:39:168, 27941059954044,    9.600,    6.000, 1600,   3.082,  48.204,  13.390,   0.953,  29.391,   8.164, 46,  0,   0.858,   9.636,   2.677,   0.667,   4.913,   1.365,  15.000,  25.000,   0.000,  90.000,  90.000,    2,   0.000
16:19:39:278, 27941324058496,    9.710,   23.000, 2700,   4.294,  48.676,  13.521,   2.132,  29.625,   8.229, 47,  0,   0.952,   9.741,   2.706,   0.656,   4.985,   1.385,  15.000,  25.000,   0.000,  90.000,  90.000,   10,   1.060
16:19:39:401, 27941621083342,    9.834,   46.000, 2700,   7.004,  49.543,  13.762,   4.855,  30.226,   8.396, 53,  0,   1.375,   9.911,   2.753,   0.626,   5.063,   1.406,  15.000,  25.000,   0.000,  90.000,  90.000,    1,   0.000
16:19:39:519, 27941902342586,    9.951,    9.000, 2300,   4.168,  50.032,  13.898,   2.048,  30.466,   8.463, 47,  0,   0.923,  10.020,   2.783,   0.627,   5.136,   1.427,  15.000,  25.000,   0.000,  90.000,  90.000,    1,   0.000
16:19:39:632, 27942174788573,   10.064,    6.000, 2300,   3.473,  50.426,  14.007,   1.333,  30.618,   8.505, 47,  0,   0.924,  10.124,   2.812,   0.651,   5.210,   1.447,  15.000,  25.000,   0.000,  90.000,  90.000,    7,   0.994
16:19:39:737, 27942426519730,   10.169,    5.000, 2300,   3.335,  50.776,  14.104,   1.233,  30.747,   8.541, 46,  0,   0.855,  10.214,   2.837,   0.633,   5.276,   1.466,  15.000,  25.000,   0.000,  90.000,  90.000,    1,   0.000
16:19:39:855, 27942710435708,   10.288,    5.000, 2300,   3.224,  51.157,  14.210,   1.152,  30.883,   8.579, 46,  0,   0.848,  10.314,   2.865,   0.626,   5.350,   1.486,  15.000,  25.000,   0.000,  90.000,  90.000,    1,   0.000
16:19:39:975, 27942997518100,   10.407,   59.000, 2700,   8.880,  52.219,  14.505,   6.491,  31.660,   8.794, 53,  0,   1.602,  10.506,   2.918,   0.648,   5.428,   1.508,  15.000,  25.000,   0.000,  90.000,  90.000,    8,   0.929
16:19:40:076, 27943239103854,   10.508,   66.000, 2700,   9.996,  53.226,  14.785,   7.727,  32.437,   9.010, 53,  0,   1.631,  10.670,   2.964,   0.654,   5.494,   1.526,  15.000,  25.000,   0.000,  90.000,  90.000,    8,   1.071
16:19:40:186, 27943502810458,   10.618,    6.000, 2300,   3.539,  53.614,  14.893,   1.434,  32.595,   9.054, 48,  0,   0.868,  10.766,   2.990,   0.629,   5.563,   1.545,  15.000,  25.000,   0.000,  90.000,  90.000,    1,   0.000
16:19:40:303, 27943785679015,   10.736,   14.000,  800,   3.870,  54.071,  15.020,   1.867,  32.815,   9.115, 47,  0,   0.843,  10.865,   3.018,   0.652,   5.640,   1.567,  15.000,  25.000,   0.000,  90.000,  90.000,   12,   0.895
16:19:40:409, 27944039154916,   10.841,   20.000,  800,   2.787,  54.365,  15.101,   0.819,  32.901,   9.139, 46,  0,   0.882,  10.958,   3.044,   0.646,   5.708,   1.586,  15.000,  25.000,   0.000,  90.000,  90.000,   26,   0.000
16:19:40:514, 27944291993692,   10.947,   18.000,  900,   3.258,  54.708,  15.197,   1.102,  33.018,   9.172, 46,  0,   0.879,  11.051,   3.070,   0.695,   5.781,   1.606,  15.000,  25.000,   0.000,  90.000,  90.000,   42,   0.000
16:19:40:625, 27944559088892,   11.058,   13.000,  900,   3.646,  55.114,  15.309,   1.455,  33.180,   9.217, 46,  0,   0.859,  11.146,   3.096,   0.737,   5.863,   1.629,  15.000,  25.000,   0.000,  90.000,  90.000,   23,   0.000
16:19:40:740, 27944833398471,   11.172,    8.000, 1500,   3.124,  55.471,  15.409,   0.995,  33.293,   9.248, 46,  0,   0.861,  11.245,   3.124,   0.666,   5.939,   1.650,  15.000,  25.000,   0.000,  90.000,  90.000,    2,   0.000
16:19:40:842, 27945078590004,   11.274,    7.000, 1500,   2.966,  55.774,  15.493,   0.847,  33.380,   9.272, 46,  0,   0.861,  11.333,   3.148,   0.631,   6.004,   1.668,  15.000,  25.000,   0.000,  90.000,  90.000,    2,   0.000
16:19:40:957, 27945355198148,   11.390,    8.000, 1500,   2.982,  56.118,  15.588,   0.898,  33.483,   9.301, 46,  0,   0.869,  11.433,   3.176,   0.626,   6.076,   1.688,  15.000,  25.000,   0.000,  90.000,  90.000,    1,   0.000
16:19:41:058, 27945597540484,   11.491,    8.000, 1500,   2.988,  56.419,  15.672,   0.873,  33.571,   9.325, 46,  0,   0.872,  11.521,   3.200,   0.636,   6.140,   1.706,  15.000,  25.000,   0.000,  90.000,  90.000,    5,   0.141
16:19:41:173, 27945873642016,   11.606,    8.000, 1500,   2.978,  56.762,  15.767,   0.880,  33.673,   9.353, 46,  0,   0.862,  11.620,   3.228,   0.632,   6.213,   1.726,  15.000,  25.000,   0.000,  90.000,  90.000,    2,   0.000
16:19:41:290, 27946154241972,   11.723,   28.000, 1200,   4.025,  57.233,  15.898,   1.876,  33.892,   9.414, 46,  0,   0.926,  11.728,   3.258,   0.653,   6.289,   1.747,  15.000,  25.000,   0.000,  90.000,  90.000,   27,   0.973
16:19:41:389, 27946392342576,   11.822,   11.000, 2400,   4.239,  57.653,  16.015,   2.056,  34.096,   9.471, 47,  0,   0.951,  11.823,   3.284,   0.688,   6.357,   1.766,  15.000,  25.000,   0.000,  90.000,  90.000,    2,   0.000
16:19:41:506, 27946672418222,   11.939,    7.000, 2300,   3.495,  58.061,  16.128,   1.384,  34.257,   9.516, 47,  0,   0.876,  11.925,   3.312,   0.637,   6.432,   1.787,  15.000,  25.000,   0.000,  90.000,  90.000,    1,   0.000
16:19:41:622, 27946949469538,   12.054,   27.000, 2700,   5.015,  58.640,  16.289,   2.918,  34.594,   9.609, 49,  0,   1.146,  12.057,   3.349,   0.633,   6.505,   1.807,  15.000,  25.000,   0.000,  90.000,  90.000,    1,   0.000
16:19:41:743, 27947241163419,   12.175,    7.000, 2300,   3.707,  59.091,  16.414,   1.589,  34.787,   9.663, 47,  0,   0.883,  12.164,   3.379,   0.631,   6.581,   1.828,  15.000,  25.000,   0.000,  90.000,  90.000,    1,   0.000
16:19:41:844, 27947484580868,   12.277,   11.000,  900,   3.103,  59.405,  16.501,   1.071,  34.896,   9.693, 46,  0,   0.833,  12.249,   3.402,   0.631,   6.645,   1.846,  15.000,  25.000,   0.000,  90.000,  90.000,   29,   0.000
16:19:41:959, 27947759809775,   12.392,   18.000,  900,   3.203,  59.773,  16.604,   1.134,  35.026,   9.729, 46,  0,   0.833,  12.344,   3.429,   0.708,   6.727,   1.869,  15.000,  25.000,   0.000,  90.000,  90.000,   24,   0.246
16:19:42:060, 27948001668656,   12.492,    7.000, 1700,   3.205,  60.096,  16.693,   1.042,  35.131,   9.759, 46,  0,   0.876,  12.433,   3.454,   0.679,   6.795,   1.888,  15.000,  25.000,   0.000,  90.000,  90.000,    3,   0.000
16:19:42:175, 27948276810131,   12.607,   17.000,  900,   2.972,  60.436,  16.788,   0.849,  35.228,   9.786, 46,  0,   0.923,  12.539,   3.483,   0.648,   6.869,   1.908,  15.000,  25.000,   0.000,  90.000,  90.000,   25,   0.718
16:19:42:277, 27948523003376,   12.710,   19.000, 2700,   5.170,  60.967,  16.935,   2.935,  35.529,   9.869, 47,  0,   0.955,  12.637,   3.510,   0.733,   6.945,   1.929,  15.000,  25.000,   0.000,  90.000,  90.000,   17,   2.561
16:19:42:391, 27948795449323,   12.823,   24.000, 1800,   3.317,  61.343,  17.040,   1.199,  35.665,   9.907, 47,  0,   0.925,  12.742,   3.539,   0.627,   7.016,   1.949,  15.000,  25.000,   0.000,  90.000,  90.000,    1,   0.000
16:19:42:508, 27949076460606,   12.940,   23.000, 1800,   3.151,  61.712,  17.142,   1.148,  35.800,   9.944, 47,  0,   0.925,  12.850,   3.569,   0.628,   7.089,   1.969,  15.000,  25.000,   0.000,  90.000,  90.000,    4,   0.000
16:19:42:611, 27949324186700,   13.043,   33.000,  800,   3.376,  62.061,  17.239,   1.259,  35.930,   9.980, 46,  0,   0.977,  12.951,   3.597,   0.629,   7.154,   1.987,  15.000,  25.000,   0.000,  90.000,  90.000,   17,   0.000
16:19:42:725, 27949598314034,   13.158,   18.000, 2700,   4.320,  62.554,  17.376,   2.600,  36.227,  10.063, 46,  0,   1.167,  13.084,   3.634,   0.137,   7.170,   1.992,  15.000,  25.000,   0.000,  90.000,  90.000,    1,   0.000
16:19:42:822, 27949831221885,   13.255,    8.000, 2700,   2.947,  62.840,  17.456,   1.408,  36.363,  10.101, 46,  0,   0.995,  13.181,   3.661,   0.013,   7.171,   1.992,  15.000,  25.000,   0.000,  90.000,  90.000,    1,   0.000
16:19:42:946, 27950127054633,   13.378,    6.000, 2300,   3.307,  63.248,  17.569,   1.225,  36.514,  10.143, 46,  0,   0.858,  13.286,   3.691,   0.628,   7.249,   2.013,  15.000,  25.000,   0.000,  90.000,  90.000,    1,   0.000
16:19:43:048, 27950372693624,   13.480,    7.000, 2300,   3.571,  63.614,  17.670,   1.420,  36.660,  10.183, 46,  0,   0.907,  13.379,   3.716,   0.645,   7.315,   2.032,  15.000,  25.000,   0.000,  90.000,  90.000,    6,   0.321
16:19:43:162, 27950647395204,   13.595,    6.000, 2300,   3.411,  64.004,  17.779,   1.309,  36.810,  10.225, 46,  0,   0.888,  13.481,   3.745,   0.639,   7.388,   2.052,  15.000,  25.000,   0.000,  90.000,  90.000,    1,   0.000
16:19:43:264, 27950891217509,   13.696,   23.000, 2700,   4.788,  64.490,  17.914,   2.635,  37.077,  10.299, 47,  0,   0.928,  13.575,   3.771,   0.653,   7.454,   2.071,  15.000,  25.000,   0.000,  90.000,  90.000,   10,   1.148
16:19:43:378, 27951165910529,   13.811,    7.000, 2300,   3.656,  64.909,  18.030,   1.565,  37.256,  10.349, 47,  0,   0.892,  13.677,   3.799,   0.633,   7.526,   2.091,  15.000,  25.000,   0.000,  90.000,  90.000,    1,   0.000
16:19:43:492, 27951439323238,   13.925,    7.000, 2300,   3.508,  65.308,  18.141,   1.407,  37.417,  10.394, 47,  0,   0.869,  13.776,   3.827,   0.632,   7.598,   2.111,  15.000,  25.000,   0.000,  90.000,  90.000,    1,   0.000
16:19:43:595, 27951685628916,   14.027,    9.000,  900,   2.674,  65.583,  18.217,   0.719,  37.490,  10.414, 46,  0,   0.787,  13.857,   3.849,   0.635,   7.664,   2.129,  15.000,  25.000,   0.000,  90.000,  90.000,   23,   0.000
16:19:43:712, 27951966949767,   14.145,   11.000,  800,   2.771,  65.908,  18.308,   0.807,  37.585,  10.440, 45,  0,   0.779,  13.948,   3.874,   0.686,   7.744,   2.151,  15.000,  25.000,   0.000,  90.000,  90.000,   20,   0.000
16:19:43:818, 27952221596247,   14.251,   12.000,  900,   2.910,  66.216,  18.393,   0.886,  37.679,  10.466, 45,  0,   0.816,  14.035,   3.899,   0.698,   7.818,   2.172,  15.000,  25.000,   0.000,  90.000,  90.000,   32,   0.000
16:19:43:925, 27952476817678,   14.357,   22.000, 1100,   3.812,  66.622,  18.506,   1.731,  37.863,  10.518, 46,  0,   0.849,  14.125,   3.924,   0.707,   7.893,   2.193,  15.000,  25.000,   0.000,  90.000,  90.000,   39,   0.000
16:19:44:035, 27952741753454,   14.467,   16.000, 1100,   3.826,  67.044,  18.623,   1.600,  38.040,  10.567, 46,  0,   0.907,  14.225,   3.951,   0.723,   7.973,   2.215,  15.000,  25.000,   0.000,  90.000,  90.000,   40,   0.373
16:19:44:151, 27953020845536,   14.584,   37.000, 2700,   5.777,  67.716,  18.810,   3.591,  38.457,  10.683, 48,  0,   1.206,  14.365,   3.990,   0.730,   8.058,   2.238,  15.000,  25.000,   0.000,  90.000,  90.000,   11,   1.575
16:19:44:266, 27953296734624,   14.699,   24.000, 2700,   4.636,  68.249,  18.958,   2.500,  38.745,  10.762, 48,  0,   0.933,  14.473,   4.020,   0.656,   8.133,   2.259,  15.000,  25.000,   0.000,  90.000,  90.000,   11,   1.642
16:19:44:381, 27953571192047,   14.813,    8.000, 2300,   3.684,  68.670,  19.075,   1.590,  38.926,  10.813, 47,  0,   0.893,  14.575,   4.049,   0.627,   8.205,   2.279,  15.000,  25.000,   0.000,  90.000,  90.000,    1,   0.000
16:19:44:482, 27953815442147,   14.915,    5.000, 2300,   3.347,  69.011,  19.170,   1.257,  39.054,  10.848, 46,  0,   0.859,  14.662,   4.073,   0.633,   8.269,   2.297,  15.000,  25.000,   0.000,  90.000,  90.000,    1,   0.000
16:19:44:597, 27954089638954,   15.029,    5.000, 2300,   3.236,  69.380,  19.272,   1.153,  39.186,  10.885, 46,  0,   0.843,  14.759,   4.100,   0.625,   8.341,   2.317,  15.000,  25.000,   0.000,  90.000,  90.000,    1,   0.000
16:19:44:699, 27954334192780,   15.131,    5.000, 2300,   3.284,  69.715,  19.365,   1.185,  39.307,  10.919, 46,  0,   0.860,  14.846,   4.124,   0.631,   8.405,   2.335,  15.000,  25.000,   0.000,  90.000,  90.000,    1,   0.000
16:19:44:820, 27954626544347,   15.253,   14.000,  900,   2.557,  70.027,  19.452,   0.651,  39.386,  10.941, 45,  0,   0.777,  14.941,   4.150,   0.633,   8.482,   2.356,  15.000,  25.000,   0.000,  90.000,  90.000,   35,   0.000
16:19:44:917, 27954858835769,   15.350,   27.000, 2700,   4.831,  70.494,  19.582,   2.698,  39.647,  11.013, 47,  0,   0.941,  15.032,   4.176,   0.783,   8.558,   2.377,  15.000,  25.000,   0.000,  90.000,  90.000,   13,   1.366
16:19:45:036, 27955145203420,   15.469,   19.000,  800,   3.091,  70.863,  19.684,   1.051,  39.773,  11.048, 46,  0,   0.888,  15.138,   4.205,   0.656,   8.636,   2.399,  15.000,  25.000,   0.000,  90.000,  90.000,   38,   0.231
16:19:45:151, 27955421327508,   15.584,   35.000, 1000,   3.837,  71.304,  19.807,   1.617,  39.959,  11.100, 46,  0,   0.864,  15.237,   4.233,   0.759,   8.724,   2.423,  15.000,  25.000,   0.000,  90.000,  90.000,   51,   0.000
16:19:45:267, 27955698257284,   15.699,   71.000, 2700,   7.822,  72.207,  20.058,   5.395,  40.581,  11.273, 51,  0,   1.344,  15.392,   4.276,   0.762,   8.812,   2.448,  15.000,  25.000,   0.000,  90.000,  90.000,   15,   1.705
16:19:45:381, 27955972235934,   15.813,   53.000, 2300,   8.173,  73.140,  20.317,   5.880,  41.252,  11.459, 50,  0,   1.362,  15.548,   4.319,   0.644,   8.885,   2.468,  15.000,  25.000,   0.000,  90.000,  90.000,    3,   0.176
16:19:45:487, 27956226672615,   15.919,    5.000, 2300,   3.313,  73.491,  20.414,   1.207,  41.380,  11.495, 47,  0,   0.852,  15.638,   4.344,   0.641,   8.953,   2.487,  15.000,  25.000,   0.000,  90.000,  90.000,    1,   0.000
16:19:45:600, 27956497135194,   16.032,    5.000, 2300,   3.216,  73.854,  20.515,   1.157,  41.511,  11.531, 47,  0,   0.844,  15.733,   4.370,   0.630,   9.024,   2.507,  15.000,  25.000,   0.000,  90.000,  90.000,    1,   0.000
16:19:45:701, 27956740125650,   16.133,    6.000, 2300,   3.354,  74.193,  20.609,   1.226,  41.635,  11.565, 47,  0,   0.862,  15.821,   4.395,   0.631,   9.088,   2.524,  15.000,  25.000,   0.000,  90.000,  90.000,    1,   0.000
16:19:45:823, 27957031775463,   16.255,    5.000, 2300,   3.283,  74.592,  20.720,   1.204,  41.781,  11.606, 46,  0,   0.849,  15.924,   4.423,   0.630,   9.164,   2.546,  15.000,  25.000,   0.000,  90.000,  90.000,    1,   0.000
16:19:45:932, 27957295511622,   16.365,    6.000, 2300,   3.233,  74.947,  20.819,   1.142,  41.907,  11.641, 46,  0,   0.853,  16.017,   4.449,   0.630,   9.234,   2.565,  15.000,  25.000,   0.000,  90.000,  90.000,    2,   0.000
16:19:46:055, 27957590628825,   16.488,    9.000, 1000,   3.208,  75.342,  20.928,   1.137,  42.047,  11.680, 46,  0,   0.858,  16.123,   4.479,   0.642,   9.313,   2.587,  15.000,  25.000,   0.000,  90.000,  90.000,   17,   0.181
16:19:46:154, 27957826760935,   16.586,   15.000,  900,   2.689,  75.606,  21.002,   0.750,  42.120,  11.700, 45,  0,   0.763,  16.198,   4.499,   0.676,   9.379,   2.605,  15.000,  25.000,   0.000,  90.000,  90.000,   34,   0.000
16:19:46:272, 27958109868615,   16.704,   22.000, 2700,   4.991,  76.195,  21.165,   2.783,  42.449,  11.791, 47,  0,   0.926,  16.307,   4.530,   0.717,   9.464,   2.629,  15.000,  25.000,   0.000,  90.000,  90.000,    9,   1.100
16:19:46:380, 27958369256344,   16.812,   31.000, 2100,   3.342,  76.556,  21.266,   1.264,  42.585,  11.829, 46,  0,   0.935,  16.408,   4.558,   0.634,   9.532,   2.648,  15.000,  25.000,   0.000,  90.000,  90.000,    2,   0.000
16:19:46:487, 27958626029646,   16.919,   27.000, 1900,   2.744,  76.850,  21.347,   0.855,  42.677,  11.855, 46,  0,   0.809,  16.495,   4.582,   0.606,   9.597,   2.666,  15.000,  25.000,   0.000,  90.000,  90.000,   10,   0.000
16:19:46:603, 27958904230537,   17.035,   41.000, 2700,   6.338,  77.585,  21.551,   4.825,  43.236,  12.010, 49,  0,   0.951,  16.605,   4.613,   0.078,   9.606,   2.668,  15.000,  25.000,   0.000,  90.000,  90.000,    1,   0.000
16:19:46:725, 27959196611688,   17.157,   31.000, 2700,   5.450,  78.249,  21.736,   3.892,  43.710,  12.142, 48,  0,   1.206,  16.752,   4.653,   0.017,   9.608,   2.669,  15.000,  25.000,   0.000,  90.000,  90.000,    1,   0.000
16:19:46:825, 27959437561218,   17.257,   41.000, 2700,   7.266,  78.978,  21.938,   5.731,  44.285,  12.302, 51,  0,   0.982,  16.851,   4.681,   0.015,   9.610,   2.669,  15.000,  25.000,   0.000,  90.000,  90.000,    1,   0.000
16:19:46:956, 27959752538088,   17.389,   25.000, 2700,   5.212,  79.662,  22.128,   3.678,  44.768,  12.436, 48,  0,   0.972,  16.978,   4.716,   0.025,   9.613,   2.670,  15.000,  25.000,   0.000,  90.000,  90.000,    2,   0.024
16:19:47:058, 27959995714843,   17.490,   54.000, 2700,   6.849,  80.356,  22.321,   5.261,  45.301,  12.584, 52,  0,   1.152,  17.095,   4.749,   0.046,   9.617,   2.672,  15.000,  25.000,   0.000,  90.000,  90.000,    4,   0.271
16:19:47:173, 27960272429759,   17.605,   61.000, 2300,   7.766,  81.251,  22.570,   6.293,  46.027,  12.785, 50,  0,   1.002,  17.211,   4.781,   0.014,   9.619,   2.672,  15.000,  25.000,   0.000,  90.000,  90.000,    1,   0.000
16:19:47:286, 27960544071950,   17.718,   85.000, 2700,   6.149,  81.947,  22.763,   4.372,  46.522,  12.923, 52,  0,   1.339,  17.362,   4.823,   0.129,   9.634,   2.676,  15.000,  25.000,   0.000,  90.000,  90.000,   18,   2.794
16:19:47:403, 27960824703226,   17.835,   94.000, 2700,   9.935,  83.109,  23.086,   8.191,  47.479,  13.189, 54,  0,   1.701,  17.561,   4.878,   0.036,   9.638,   2.677,  15.000,  25.000,   0.000,  90.000,  90.000,    3,   0.186
16:19:47:515, 27961093860230,   17.947,   89.000, 2700,   9.924,  84.222,  23.395,   8.121,  48.390,  13.442, 54,  0,   1.711,  17.753,   4.931,   0.015,   9.640,   2.678,  15.000,  25.000,   0.000,  90.000,  90.000,    1,   0.000
16:19:47:623, 27961351930347,   18.055,   62.000, 2700,   8.385,  85.124,  23.645,   6.771,  49.118,  13.644, 53,  0,   1.293,  17.892,   4.970,   0.018,   9.641,   2.678,  15.000,  25.000,   0.000,  90.000,  90.000,    1,   0.000
16:19:47:733, 27961616414072,   18.165,   48.000, 2700,   7.556,  85.956,  23.877,   6.016,  49.781,  13.828, 53,  0,   1.040,  18.007,   5.002,   0.016,   9.643,   2.679,  15.000,  25.000,   0.000,  90.000,  90.000,    1,   0.000
16:19:47:844, 27961882927180,   18.276,   53.000, 2700,   7.777,  86.820,  24.117,   6.205,  50.470,  14.020, 53,  0,   1.055,  18.124,   5.034,   0.017,   9.645,   2.679,  15.000,  25.000,   0.000,  90.000,  90.000,    2,   0.000
16:19:47:955, 27962150085186,   18.388,   52.000, 2300,   7.807,  87.689,  24.358,   6.106,  51.150,  14.208, 52,  0,   1.244,  18.262,   5.073,   0.048,   9.650,   2.681,  15.000,  25.000,   0.000,  90.000,  90.000,    5,   0.789
16:19:48:060, 27962401377879,   18.492,   30.000, 2700,   5.212,  88.235,  24.510,   3.717,  51.539,  14.316, 51,  0,   0.958,  18.362,   5.101,   0.043,   9.655,   2.682,  15.000,  25.000,   0.000,  90.000,  90.000,    4,   0.253
16:19:48:180, 27962690596032,   18.613,   54.000, 2700,   7.776,  89.172,  24.770,   6.173,  52.283,  14.523, 52,  0,   1.075,  18.492,   5.137,   0.012,   9.656,   2.682,  15.000,  25.000,   0.000,  90.000,  90.000,    1,   0.000
16:19:48:276, 27962920486652,   18.709,   66.000, 2700,   8.192,  89.957,  24.988,   6.525,  52.908,  14.697, 54,  0,   1.098,  18.597,   5.166,   0.075,   9.664,   2.684,  15.000,  25.000,   0.000,  90.000,  90.000,   10,   1.211
16:19:48:397, 27963209550947,   18.829,   22.000, 2300,   4.378,  90.484,  25.134,   2.793,  53.244,  14.790, 49,  0,   1.076,  18.727,   5.202,   0.030,   9.667,   2.685,  15.000,  25.000,   0.000,  90.000,  90.000,    3,   0.172
16:19:48:507, 27963474624964,   18.939,   47.000, 2700,   6.345,  91.185,  25.329,   4.755,  53.770,  14.936, 51,  0,   1.087,  18.847,   5.235,   0.014,   9.669,   2.686,  15.000,  25.000,   0.000,  90.000,  90.000,    1,   0.000
16:19:48:629, 27963765949818,   19.061,   64.000, 2700,   8.467,  92.212,  25.615,   6.888,  54.606,  15.168, 53,  0,   1.117,  18.982,   5.273,   0.015,   9.670,   2.686,  15.000,  25.000,   0.000,  90.000,  90.000,    1,   0.000
16:19:48:739, 27964031160977,   19.171,    6.000, 2300,   2.879,  92.531,  25.703,   1.318,  54.751,  15.209, 48,  0,   0.937,  19.086,   5.302,   0.017,   9.672,   2.687,  15.000,  25.000,   0.000,  90.000,  90.000,    1,   0.000
16:19:48:846, 27964287507797,   19.278,   42.000, 2700,   4.885,  93.052,  25.848,   3.342,  55.108,  15.308, 51,  0,   1.347,  19.230,   5.342,   0.014,   9.674,   2.687,  15.000,  25.000,   0.000,  90.000,  90.000,    1,   0.000
16:19:48:961, 27964564009137,   19.393,   63.000, 2700,   8.014,  93.976,  26.104,   6.432,  55.849,  15.514, 52,  0,   1.152,  19.363,   5.379,   0.014,   9.675,   2.688,  15.000,  25.000,   0.000,  90.000,  90.000,    3,   0.000
16:19:49:062, 27964807187408,   19.495,   51.000, 1300,   7.645,  94.750,  26.319,   6.019,  56.459,  15.683, 50,  0,   1.110,  19.475,   5.410,   0.059,   9.681,   2.689,  15.000,  25.000,   0.000,  90.000,  90.000,    6,   0.286
16:19:49:183, 27965097344560,   19.616,   11.000, 1500,   2.376,  95.037,  26.399,   0.844,  56.561,  15.711, 48,  0,   0.940,  19.589,   5.441,   0.021,   9.684,   2.690,  15.000,  25.000,   0.000,  90.000,  90.000,    2,   0.000
16:19:49:307, 27965394678241,   19.739,   25.000, 2700,   4.134,  95.550,  26.542,   2.453,  56.865,  15.796, 48,  0,   1.092,  19.724,   5.479,   0.129,   9.700,   2.694,  15.000,  25.000,   0.000,  90.000,  90.000,   19,   3.230
16:19:49:428, 27965684845773,   19.860,   69.000, 2700,   8.371,  96.562,  26.823,   6.737,  57.680,  16.022, 52,  0,   1.222,  19.872,   5.520,   0.015,   9.702,   2.695,  15.000,  25.000,   0.000,  90.000,  90.000,    2,   0.000
16:19:49:534, 27965938568872,   19.966,   57.000, 2700,   8.110,  97.419,  27.061,   6.571,  58.374,  16.215, 52,  0,   1.078,  19.986,   5.552,   0.023,   9.704,   2.696,  15.000,  25.000,   0.000,  90.000,  90.000,    1,   0.000
16:19:49:635, 27966182666544,   20.068,    9.000,  700,   2.181,  97.641,  27.122,   0.808,  58.457,  16.238, 47,  0,   0.789,  20.066,   5.574,   0.013,   9.705,   2.696,  15.000,  25.000,   0.000,  90.000,  90.000,   29,   0.000
16:19:49:745, 27966445298716,   20.177,    9.000,  700,   2.400,  97.904,  27.195,   0.876,  58.552,  16.265, 46,  0,   0.767,  20.150,   5.597,   0.269,   9.735,   2.704,  15.000,  25.000,   0.000,  90.000,  90.000,   21,   0.000
16:19:49:868, 27966739643681,   20.300,   30.000, 2200,   3.216,  98.298,  27.305,   1.276,  58.709,  16.308, 47,  0,   0.789,  20.247,   5.624,   0.673,   9.818,   2.727,  15.000,  25.000,   0.000,  90.000,  90.000,    7,   0.000
16:19:49:974, 27966994552226,   20.406,   98.000, 2700,  10.388,  99.401,  27.611,   8.114,  59.571,  16.547, 53,  0,   1.688,  20.426,   5.674,   0.654,   9.887,   2.746,  15.000,  25.000,   0.000,  90.000,  90.000,    6,   0.564
16:19:50:078, 27967244525620,   20.510,   71.000, 2700,  10.281, 100.472,  27.909,   8.015,  60.405,  16.779, 54,  0,   1.713,  20.604,   5.723,   0.494,   9.938,   2.761,  15.000,  25.000,   0.000,  90.000,  90.000,    7,   0.682
16:19:50:190, 27967512817525,   20.622,   12.000, 2300,   3.997, 100.919,  28.033,   2.381,  60.672,  16.853, 49,  0,   1.049,  20.722,   5.756,   0.024,   9.941,   2.761,  15.000,  25.000,   0.000,  90.000,  90.000,    1,   0.000
16:19:50:301, 27967779198415,   20.733,   23.000, 2300,   3.736, 101.334,  28.148,   2.139,  60.909,  16.919, 49,  0,   1.005,  20.833,   5.787,   0.065,   9.948,   2.763,  15.000,  25.000,   0.000,  90.000,  90.000,    8,   1.007
16:19:50:407, 27968034732342,   20.839,   68.000, 2700,   7.875, 102.172,  28.381,   6.209,  61.570,  17.103, 51,  0,   1.392,  20.981,   5.828,   0.021,   9.951,   2.764,  15.000,  25.000,   0.000,  90.000,  90.000,    3,   0.000
16:19:50:520, 27968305163514,   20.952,   54.000, 2700,   7.474, 103.014,  28.615,   6.100,  62.257,  17.294, 52,  0,   0.938,  21.087,   5.858,   0.030,   9.954,   2.765,  15.000,  25.000,   0.000,  90.000,  90.000,    1,   0.000
16:19:50:623, 27968552219079,   21.055,   22.000,  900,   4.461, 103.474,  28.743,   3.020,  62.568,  17.380, 49,  0,   0.864,  21.176,   5.882,   0.015,   9.956,   2.765,  15.000,  25.000,   0.000,  90.000,  90.000,   31,   0.000
16:19:50:735, 27968823292424,   21.168,   16.000,  700,   2.591, 103.766,  28.824,   0.998,  62.681,  17.411, 47,  0,   0.803,  21.267,   5.907,   0.292,   9.989,   2.775,  15.000,  25.000,   0.000,  90.000,  90.000,   43,   0.000
16:19:50:839, 27969071089943,   21.271,   36.000, 1200,   3.799, 104.158,  28.933,   1.621,  62.848,  17.458, 47,  0,   0.861,  21.356,   5.932,   0.733,  10.064,   2.796,  15.000,  25.000,   0.000,  90.000,  90.000,   42,   0.000
16:19:50:949, 27969335296760,   21.381,   40.000, 2700,   7.112, 104.941,  29.150,   4.898,  63.388,  17.608, 51,  0,   0.983,  21.464,   5.962,   0.700,  10.141,   2.817,  15.000,  25.000,   0.000,  90.000,  90.000,    2,   0.000
16:19:51:071, 27969628135308,   21.503,   46.000, 2700,   7.903, 105.906,  29.418,   5.731,  64.087,  17.802, 51,  0,   1.049,  21.592,   5.998,   0.631,  10.218,   2.838,  15.000,  25.000,   0.000,  90.000,  90.000,    4,   0.218
16:19:51:193, 27969919688432,   21.625,   31.000, 2300,   6.844, 106.737,  29.649,   4.708,  64.659,  17.961, 50,  0,   0.960,  21.709,   6.030,   0.624,  10.294,   2.859,  15.000,  25.000,   0.000,  90.000,  90.000,    1,   0.000
16:19:51:303, 27970184705754,   21.735,   31.000, 2100,   4.100, 107.190,  29.775,   1.932,  64.872,  18.020, 48,  0,   0.936,  21.812,   6.059,   0.650,  10.366,   2.879,  15.000,  25.000,   0.000,  90.000,  90.000,    9,   0.993
16:19:51:409, 27970440077152,   21.842,   14.000, 1800,   3.266, 107.537,  29.871,   1.141,  64.994,  18.054, 47,  0,   0.915,  21.909,   6.086,   0.637,  10.434,   2.898,  15.000,  25.000,   0.000,  90.000,  90.000,    3,   0.148
16:19:51:522, 27970710288656,   21.954,   65.000, 2700,   7.125, 108.339,  30.094,   4.910,  65.546,  18.207, 51,  0,   1.405,  22.068,   6.130,   0.646,  10.506,   2.918,  15.000,  25.000,   0.000,  90.000,  90.000,    1,   0.000
16:19:51:625, 27970957505728,   22.057,   49.000, 2300,   8.255, 109.190,  30.330,   6.207,  66.186,  18.385, 50,  0,   1.089,  22.180,   6.161,   0.639,  10.572,   2.937,  15.000,  25.000,   0.000,  90.000,  90.000,    1,   0.000
16:19:51:734, 27971218970567,   22.166,    5.000, 2300,   3.207, 109.539,  30.428,   1.166,  66.313,  18.420, 48,  0,   0.841,  22.271,   6.186,   0.648,  10.643,   2.956,  15.000,  25.000,   0.000,  90.000,  90.000,    1,   0.000
16:19:51:842, 27971478306887,   22.274,    9.000, 2300,   3.707, 109.940,  30.539,   1.522,  66.477,  18.466, 47,  0,   0.947,  22.374,   6.215,   0.660,  10.714,   2.976,  15.000,  25.000,   0.000,  90.000,  90.000,    8,   1.181
16:19:51:951, 27971740766596,   22.384,    5.000, 2300,   3.281, 110.298,  30.638,   1.189,  66.607,  18.502, 47,  0,   0.850,  22.467,   6.241,   0.644,  10.785,   2.996,  15.000,  25.000,   0.000,  90.000,  90.000,    1,   0.000
16:19:52:058, 27971997426818,   22.491,    6.000, 2300,   3.329, 110.654,  30.737,   1.233,  66.739,  18.539, 46,  0,   0.881,  22.561,   6.267,   0.644,  10.853,   3.015,  15.000,  25.000,   0.000,  90.000,  90.000,    6,   0.595
16:19:52:168, 27972260050251,   22.600,    6.000, 2300,   3.323, 111.018,  30.838,   1.234,  66.874,  18.576, 47,  0,   0.860,  22.655,   6.293,   0.636,  10.923,   3.034,  15.000,  25.000,   0.000,  90.000,  90.000,    1,   0.000
16:19:52:290, 27972552829656,   22.722,   23.000, 2700,   4.565, 111.575,  30.993,   2.419,  67.169,  18.658, 48,  0,   0.916,  22.767,   6.324,   0.670,  11.005,   3.057,  15.000,  25.000,   0.000,  90.000,  90.000,    9,   1.273
16:19:52:395, 27972805515319,   22.827,    9.000, 2300,   3.832, 111.979,  31.105,   1.681,  67.346,  18.707, 47,  0,   0.895,  22.861,   6.350,   0.646,  11.073,   3.076,  15.000,  25.000,   0.000,  90.000,  90.000,    2,   0.000
16:19:52:506, 27973071113292,   22.938,    5.000, 2300,   3.303, 112.344,  31.207,   1.230,  67.482,  18.745, 47,  0,   0.857,  22.956,   6.377,   0.630,  11.143,   3.095,  15.000,  25.000,   0.000,  90.000,  90.000,    1,   0.000
16:19:52:611, 27973324625187,   23.044,    6.000, 2300,   3.290, 112.692,  31.303,   1.191,  67.608,  18.780, 47,  0,   0.861,  23.047,   6.402,   0.632,  11.209,   3.114,  15.000,  25.000,   0.000,  90.000,  90.000,    1,   0.000
16:19:52:721, 27973588658822,   23.154,    5.000, 2300,   3.268, 113.051,  31.403,   1.171,  67.737,  18.816, 46,  0,   0.859,  23.141,   6.428,   0.632,  11.279,   3.133,  15.000,  25.000,   0.000,  90.000,  90.000,    1,   0.000
16:19:52:827, 27973842983478,   23.260,    5.000, 2300,   3.260, 113.397,  31.499,   1.166,  67.861,  18.850, 47,  0,   0.853,  23.232,   6.453,   0.625,  11.345,   3.151,  15.000,  25.000,   0.000,  90.000,  90.000,    1,   0.000
16:19:52:932, 27974095205809,   23.365,    7.000, 2300,   3.474, 113.762,  31.600,   1.392,  68.007,  18.891, 46,  0,   0.870,  23.323,   6.479,   0.624,  11.411,   3.170,  15.000,  25.000,   0.000,  90.000,  90.000,    1,   0.000
16:19:53:043, 27974361968620,   23.476,    5.000, 2300,   3.283, 114.127,  31.702,   1.186,  68.139,  18.927, 46,  0,   0.850,  23.417,   6.505,   0.630,  11.481,   3.189,  15.000,  25.000,   0.000,  90.000,  90.000,    1,   0.000
16:19:53:165, 27974652643676,   23.597,    9.000, 2300,   3.624, 114.565,  31.824,   1.501,  68.320,  18.978, 47,  0,   0.908,  23.527,   6.535,   0.635,  11.558,   3.210,  15.000,  25.000,   0.000,  90.000,  90.000,    3,   0.198
16:19:53:260, 27974888585108,   23.695,   33.000, 2700,   4.851, 115.042,  31.956,   2.699,  68.586,  19.052, 49,  0,   0.934,  23.619,   6.561,   0.639,  11.621,   3.228,  15.000,  25.000,   0.000,  90.000,  90.000,    6,   0.793
16:19:53:370, 27975144850480,   23.802,    7.000, 2300,   3.753, 115.443,  32.068,   1.664,  68.764,  19.101, 47,  0,   0.888,  23.714,   6.587,   0.634,  11.688,   3.247,  15.000,  25.000,   0.000,  90.000,  90.000,    4,   0.290
16:19:53:493, 27975440847332,   23.925,    5.000, 2300,   3.313, 115.852,  32.181,   1.192,  68.911,  19.142, 46,  0,   0.869,  23.821,   6.617,   0.634,  11.767,   3.269,  15.000,  25.000,   0.000,  90.000,  90.000,    1,   0.000
16:19:53:598, 27975691567966,   24.030,    5.000, 2300,   3.263, 116.193,  32.276,   1.178,  69.034,  19.176, 46,  0,   0.842,  23.909,   6.641,   0.634,  11.833,   3.287,  15.000,  25.000,   0.000,  90.000,  90.000,    1,   0.000
16:19:53:703, 27975944037476,   24.135,   22.000, 2700,   5.015, 116.720,  32.422,   2.971,  69.346,  19.263, 47,  0,   1.122,  24.027,   6.674,   0.626,  11.899,   3.305,  15.000,  25.000,   0.000,  90.000,  90.000,    1,   0.000
16:19:53:814, 27976211564558,   24.246,    6.000, 2300,   3.337, 117.092,  32.526,   1.238,  69.484,  19.301, 46,  0,   0.863,  24.124,   6.701,   0.629,  11.969,   3.325,  15.000,  25.000,   0.000,  90.000,  90.000,    1,   0.000
16:19:53:925, 27976476625305,   24.357,   12.000, 2300,   3.967, 117.530,  32.647,   1.841,  69.688,  19.358, 47,  0,   0.958,  24.229,   6.730,   0.649,  12.040,   3.345,  15.000,  25.000,   0.000,  90.000,  90.000,    8,   0.990
16:19:54:030, 27976730234076,   24.463,    5.000, 2300,   3.293, 117.878,  32.744,   1.199,  69.814,  19.393, 47,  0,   0.857,  24.320,   6.756,   0.628,  12.107,   3.363,  15.000,  25.000,   0.000,  90.000,  90.000,    1,   0.000
16:19:54:141, 27976995828932,   24.573,    6.000, 2300,   3.384, 118.253,  32.848,   1.257,  69.953,  19.431, 46,  0,   0.891,  24.418,   6.783,   0.647,  12.178,   3.383,  15.000,  25.000,   0.000,  90.000,  90.000,    5,   0.621
16:19:54:248, 27977288804946,   24.695,   29.000, 2800,   4.479, 118.799,  33.000,   2.360,  70.241,  19.512, 49,  0,   0.912,  24.530,   6.814,   0.649,  12.258,   3.405,  15.000,  25.000,   0.000,  90.000,  90.000,    7,   1.050
16:19:54:357, 27977514951820,   24.790,   15.000, 1100,   2.993, 119.082,  33.078,   0.984,  70.334,  19.537, 47,  0,   0.857,  24.611,   6.836,   0.646,  12.319,   3.422,  15.000,  25.000,   0.000,  90.000,  90.000,   21,   0.237
16:19:54:464, 27977770531556,   24.896,    4.000, 2300,   3.314, 119.435,  33.176,   1.276,  70.470,  19.575, 47,  0,   0.824,  24.698,   6.861,   0.671,  12.390,   3.442,  15.000,  25.000,   0.000,  90.000,  90.000,    1,   0.000
16:19:54:573, 27978032910600,   25.005,    6.000, 2300,   3.319, 119.797,  33.277,   1.211,  70.602,  19.612, 46,  0,   0.859,  24.792,   6.887,   0.630,  12.459,   3.461,  15.000,  25.000,   0.000,  90.000,  90.000,    1,   0.000
16:19:54:696, 27978327221349,   25.128,    5.000, 2300,   3.224, 120.193,  33.387,   1.160,  70.745,  19.651, 46,  0,   0.848,  24.896,   6.916,   0.632,  12.536,   3.482,  15.000,  25.000,   0.000,  90.000,  90.000,    1,   0.000
16:19:54:800, 27978577019422,   25.232,   17.000,  900,   2.964, 120.501,  33.473,   0.854,  70.834,  19.676, 46,  0,   0.859,  24.985,   6.940,   0.633,  12.602,   3.501,  15.000,  25.000,   0.000,  90.000,  90.000,   29,   0.000
16:19:54:904, 27978827612894,   25.337,   17.000, 2700,   4.728, 120.995,  33.610,   2.492,  71.094,  19.748, 48,  0,   1.001,  25.090,   6.969,   0.730,  12.678,   3.522,  15.000,  25.000,   0.000,  90.000,  90.000,    6,   0.656
16:19:55:016, 27979096638843,   25.449,   10.000,  800,   2.795, 121.308,  33.697,   0.792,  71.183,  19.773, 46,  0,   0.831,  25.183,   6.995,   0.636,  12.750,   3.542,  15.000,  25.000,   0.000,  90.000,  90.000,   18,   0.141
16:19:55:128, 27979366297175,   25.561,   19.000,  900,   3.083, 121.655,  33.793,   0.954,  71.290,  19.803, 46,  0,   0.877,  25.282,   7.023,   0.704,  12.829,   3.564,  15.000,  25.000,   0.000,  90.000,  90.000,   35,   0.310
16:19:55:272, 27979709895767,   25.704,   61.000, 2700,   6.869, 122.638,  34.066,   4.622,  71.951,  19.987, 52,  0,   1.171,  25.449,   7.069,   0.710,  12.931,   3.592,  15.000,  25.000,   0.000,  90.000,  90.000,    6,   0.704
16:19:55:346, 27979887703090,   25.778,   79.000, 2700,  10.157, 123.390,  34.275,   7.765,  72.527,  20.146, 52,  0,   1.630,  25.570,   7.103,   0.652,  12.979,   3.605,  15.000,  25.000,   0.000,  90.000,  90.000,    7,   0.945
16:19:55:450, 27980137646254,   25.882,    8.000, 2300,   4.254, 123.833,  34.398,   2.028,  72.738,  20.205, 48,  0,   0.928,  25.667,   7.130,   0.637,  13.045,   3.624,  15.000,  25.000,   0.000,  90.000,  90.000,    1,   0.000
16:19:55:559, 27980398467926,   25.991,   18.000, 1000,   2.945, 124.154,  34.487,   0.868,  72.832,  20.231, 47,  0,   0.854,  25.759,   7.155,   0.633,  13.114,   3.643,  15.000,  25.000,   0.000,  90.000,  90.000,   43,   0.000
16:19:55:667, 27980658033756,   26.099,   18.000, 1200,   4.017, 124.588,  34.608,   1.763,  73.023,  20.284, 47,  0,   0.869,  25.853,   7.181,   0.795,  13.200,   3.667,  15.000,  25.000,   0.000,  90.000,  90.000,   49,   0.000
16:19:55:776, 27980920601626,   26.209,   13.000,  900,   3.337, 124.953,  34.709,   1.236,  73.158,  20.322, 46,  0,   0.814,  25.942,   7.206,   0.721,  13.279,   3.689,  15.000,  25.000,   0.000,  90.000,  90.000,   42,   0.000
16:19:55:899, 27981214709876,   26.331,   11.000,  900,   3.116, 125.335,  34.815,   1.126,  73.296,  20.360, 46,  0,   0.773,  26.037,   7.233,   0.724,  13.368,   3.713,  15.000,  25.000,   0.000,  90.000,  90.000,   20,   0.000
16:19:56:001, 27981460158918,   26.433,    7.000, 1500,   2.973, 125.639,  34.900,   0.874,  73.386,  20.385, 46,  0,   0.845,  26.124,   7.257,   0.679,  13.437,   3.733,  15.000,  25.000,   0.000,  90.000,  90.000,    2,   0.000
16:19:56:120, 27981746293390,   26.553,   27.000, 2700,   3.936, 126.108,  35.030,   1.888,  73.611,  20.447, 47,  0,   1.087,  26.253,   7.293,   0.646,  13.514,   3.754,  15.000,  25.000,   0.000,  90.000,  90.000,    4,   0.201
16:19:56:286, 27982178059630,   26.733,   36.000, 1600,   3.638, 126.763,  35.212,   1.510,  73.882,  20.523, 47,  0,   0.903,  26.416,   7.338,   0.658,  13.632,   3.787,  15.000,  25.000,   0.000,  90.000,  90.000,    6,   0.552
16:19:56:338, 27982269366922,   26.771,   10.000, 2700,   3.566, 126.898,  35.250,   1.436,  73.937,  20.538, 46,  0,   0.895,  26.450,   7.347,   0.656,  13.657,   3.794,  15.000,  25.000,   0.000,  90.000,  90.000,   11,   0.641
16:19:56:453, 27982544949709,   26.885,   21.000, 1000,   4.635, 127.430,  35.397,   2.425,  74.216,  20.615, 47,  0,   1.048,  26.570,   7.381,   0.685,  13.736,   3.816,  15.000,  25.000,   0.000,  90.000,  90.000,   33,   0.702
16:19:56:563, 27982808455380,   26.995,   20.000, 1000,   4.038, 127.874,  35.521,   1.851,  74.419,  20.672, 47,  0,   0.871,  26.666,   7.407,   0.731,  13.816,   3.838,  15.000,  25.000,   0.000,  90.000,  90.000,   42,   0.000
16:19:56:670, 27983065145012,   27.102,   13.000, 1100,   3.778, 128.278,  35.633,   1.564,  74.586,  20.718, 47,  0,   0.877,  26.759,   7.433,   0.753,  13.897,   3.860,  15.000,  25.000,   0.000,  90.000,  90.000,   26,   0.000
16:19:56:779, 27983328124588,   27.212,   11.000,  800,   2.968, 128.603,  35.723,   0.879,  74.682,  20.745, 46,  0,   0.824,  26.850,   7.458,   0.692,  13.973,   3.881,  15.000,  25.000,   0.000,  90.000,  90.000,   25,   0.000
16:19:56:886, 27983583352418,   27.318,   16.000,  900,   2.951, 128.917,  35.810,   0.925,  74.781,  20.772, 45,  0,   0.789,  26.934,   7.482,   0.709,  14.048,   3.902,  15.000,  25.000,   0.000,  90.000,  90.000,   44,   0.025
16:19:57:003, 27983864864822,   27.435,    4.000, 2700,   3.768, 129.359,  35.933,   1.569,  74.965,  20.824, 46,  0,   0.874,  27.036,   7.510,   0.736,  14.134,   3.926,  15.000,  25.000,   0.000,  90.000,  90.000,    2,   0.000
16:19:57:117, 27984138995430,   27.550,    5.000, 2300,   3.242, 129.729,  36.036,   1.140,  75.095,  20.860, 46,  0,   0.876,  27.136,   7.538,   0.644,  14.208,   3.947,  15.000,  25.000,   0.000,  90.000,  90.000,    5,   0.552
16:19:57:220, 27984385006805,   27.652,    5.000, 2300,   3.103, 130.047,  36.124,   1.022,  75.200,  20.889, 46,  0,   0.854,  27.224,   7.562,   0.631,  14.273,   3.965,  15.000,  25.000,   0.000,  90.000,  90.000,    1,   0.000
16:19:57:335, 27984662515196,   27.768,   66.000, 2700,   8.666, 131.049,  36.403,   6.337,  75.932,  21.092, 51,  0,   1.473,  27.394,   7.610,   0.664,  14.349,   3.986,  15.000,  25.000,   0.000,  90.000,  90.000,   12,   1.532
16:19:57:434, 27984898383918,   27.866,   89.000, 2700,  10.730, 132.104,  36.696,   8.306,  76.749,  21.319, 53,  0,   1.820,  27.573,   7.659,   0.656,  14.414,   4.004,  15.000,  25.000,   0.000,  90.000,  90.000,    2,   0.000
16:19:57:551, 27985178945398,   27.983,   49.000, 2300,   7.769, 133.012,  36.948,   5.449,  77.386,  21.496, 50,  0,   1.314,  27.727,   7.702,   0.635,  14.488,   4.025,  15.000,  25.000,   0.000,  90.000,  90.000,    1,   0.000
16:19:57:659, 27985438767676,   28.091,   12.000,  900,   3.025, 133.340,  37.039,   0.933,  77.487,  21.524, 48,  0,   0.852,  27.819,   7.728,   0.636,  14.557,   4.044,  15.000,  25.000,   0.000,  90.000,  90.000,   12,   0.000
16:19:57:761, 27985684463097,   28.194,    7.000, 1500,   3.062, 133.653,  37.126,   0.912,  77.580,  21.550, 47,  0,   0.875,  27.909,   7.752,   0.658,  14.624,   4.062,  15.000,  25.000,   0.000,  90.000,  90.000,    2,   0.000
16:19:57:871, 27985947608652,   28.303,   24.000, 1500,   3.072, 133.990,  37.219,   0.998,  77.690,  21.580, 46,  0,   0.900,  28.007,   7.780,   0.631,  14.694,   4.082,  15.000,  25.000,   0.000,  90.000,  90.000,   12,   0.000
16:19:57:982, 27986214514852,   28.414,   10.000, 2300,   4.427, 134.482,  37.356,   2.178,  77.932,  21.648, 46,  0,   1.070,  28.126,   7.813,   0.684,  14.770,   4.103,  15.000,  25.000,   0.000,  90.000,  90.000,    7,   0.884
16:19:58:093, 27986479985158,   28.525,    6.000, 1700,   3.141, 134.830,  37.453,   1.047,  78.048,  21.680, 47,  0,   0.866,  28.222,   7.839,   0.635,  14.840,   4.122,  15.000,  25.000,   0.000,  90.000,  90.000,    2,   0.090
16:19:58:206, 27986751691105,   28.638,    8.000, 1700,   2.939, 135.162,  37.545,   0.845,  78.143,  21.706, 46,  0,   0.866,  28.320,   7.867,   0.631,  14.911,   4.142,  15.000,  25.000,   0.000,  90.000,  90.000,    3,   0.130
16:19:58:319, 27987021947054,   28.751,   56.000, 2700,   5.434, 135.774,  37.715,   3.276,  78.512,  21.809, 48,  0,   1.229,  28.459,   7.905,   0.657,  14.985,   4.163,  15.000,  25.000,   0.000,  90.000,  90.000,   10,   1.112
16:19:58:423, 27987272495120,   28.855,   16.000, 2400,   4.414, 136.235,  37.843,   2.282,  78.750,  21.875, 47,  0,   1.022,  28.565,   7.935,   0.650,  15.053,   4.181,  15.000,  25.000,   0.000,  90.000,  90.000,    8,   1.211
16:19:58:538, 27987548488184,   28.970,    6.000, 2300,   3.394, 136.626,  37.952,   1.309,  78.901,  21.917, 47,  0,   0.864,  28.665,   7.962,   0.630,  15.126,   4.202,  15.000,  25.000,   0.000,  90.000,  90.000,    1,   0.000
16:19:58:638, 27987789846320,   29.071,   13.000,  800,   2.613, 136.888,  38.025,   0.662,  78.967,  21.935, 46,  0,   0.791,  28.744,   7.985,   0.629,  15.189,   4.219,  15.000,  25.000,   0.000,  90.000,  90.000,   32,   0.000
16:19:58:751, 27988059839476,   29.183,   12.000,  900,   3.458, 137.277,  38.133,   1.285,  79.112,  21.976, 46,  0,   0.860,  28.841,   8.011,   0.723,  15.270,   4.242,  15.000,  25.000,   0.000,  90.000,  90.000,   21,   0.000
16:19:58:858, 27988315646318,   29.290,   10.000, 1000,   3.252, 137.624,  38.229,   1.091,  79.228,  22.008, 46,  0,   0.859,  28.932,   8.037,   0.696,  15.344,   4.262,  15.000,  25.000,   0.000,  90.000,  90.000,   20,   0.000
16:19:58:971, 27988587561352,   29.403,   14.000, 1100,   3.824, 138.057,  38.349,   1.688,  79.420,  22.061, 46,  0,   0.871,  29.031,   8.064,   0.671,  15.421,   4.283,  15.000,  25.000,   0.000,  90.000,  90.000,   35,   0.000
16:19:59:075, 27988837016134,   29.507,    6.000, 2700,   3.889, 138.461,  38.461,   1.669,  79.593,  22.109, 46,  0,   0.862,  29.121,   8.089,   0.739,  15.497,   4.305,  15.000,  25.000,   0.000,  90.000,  90.000,    2,   0.000
16:19:59:189, 27989109636195,   29.621,   16.000,  900,   2.971, 138.799,  38.555,   0.959,  79.702,  22.139, 46,  0,   0.832,  29.215,   8.115,   0.640,  15.570,   4.325,  15.000,  25.000,   0.000,  90.000,  90.000,   41,   0.391
16:19:59:291, 27989358837836,   29.725,   30.000, 2800,   5.524, 139.372,  38.715,   3.301,  80.045,  22.235, 49,  0,   0.923,  29.311,   8.142,   0.788,  15.652,   4.348,  15.000,  25.000,   0.000,  90.000,  90.000,   20,   2.997
16:19:59:402, 27989623382662,   29.835,   34.000, 2700,   4.038, 139.818,  38.838,   1.871,  80.251,  22.292, 48,  0,   1.017,  29.423,   8.173,   0.641,  15.723,   4.367,  15.000,  25.000,   0.000,  90.000,  90.000,    4,   0.210
16:19:59:515, 27989893846724,   29.947,    5.000, 2100,   3.252, 140.184,  38.940,   1.156,  80.381,  22.328, 47,  0,   0.855,  29.520,   8.200,   0.629,  15.793,   4.387,  15.000,  25.000,   0.000,  90.000,  90.000,    1,   0.000
16:19:59:625, 27990158607380,   30.058,   15.000,  900,   2.941, 140.508,  39.030,   0.858,  80.476,  22.354, 46,  0,   0.855,  29.614,   8.226,   0.628,  15.863,   4.406,  15.000,  25.000,   0.000,  90.000,  90.000,   30,   0.000
16:19:59:739, 27990432569456,   30.172,    9.000, 1000,   3.452, 140.902,  39.140,   1.307,  80.625,  22.396, 46,  0,   0.835,  29.709,   8.253,   0.725,  15.945,   4.429,  15.000,  25.000,   0.000,  90.000,  90.000,   21,   0.000
16:19:59:841, 27990676344850,   30.273,   19.000,  900,   2.910, 141.198,  39.222,   0.870,  80.713,  22.420, 46,  0,   0.818,  29.792,   8.276,   0.675,  16.014,   4.448,  15.000,  25.000,   0.000,  90.000,  90.000,   37,   0.000
16:19:59:950, 27990938148356,   30.383,   75.000, 2700,   7.852, 142.055,  39.460,   5.522,  81.316,  22.588, 51,  0,   1.442,  29.950,   8.319,   0.727,  16.093,   4.470,  15.000,  25.000,   0.000,  90.000,  90.000,    8,   0.764
16:20:00:068, 27991219813936,   30.500,   69.000, 2700,  10.047, 143.234,  39.787,   7.705,  82.220,  22.839, 55,  0,   1.652,  30.143,   8.373,   0.633,  16.168,   4.491,  15.000,  25.000,   0.000,  90.000,  90.000,    1,   0.000
16:20:00:168, 27991461557255,   30.601,    8.000, 2300,   3.921, 143.629,  39.897,   1.748,  82.396,  22.888, 48,  0,   0.922,  30.236,   8.399,   0.637,  16.232,   4.509,  15.000,  25.000,   0.000,  90.000,  90.000,    4,   0.194
16:20:00:284, 27991739806951,   30.717,   27.000, 2700,   4.480, 144.148,  40.041,   2.338,  82.667,  22.963, 49,  0,   0.934,  30.345,   8.429,   0.650,  16.307,   4.530,  15.000,  25.000,   0.000,  90.000,  90.000,    7,   0.905
16:20:00:385, 27991980948955,   30.817,   10.000, 2300,   3.525, 144.502,  40.139,   1.432,  82.811,  23.003, 47,  0,   0.881,  30.433,   8.454,   0.634,  16.371,   4.547,  15.000,  25.000,   0.000,  90.000,  90.000,    4,   0.215
16:20:00:497, 27992250386139,   30.929,   10.000, 2300,   4.002, 144.951,  40.264,   1.829,  83.016,  23.060, 47,  0,   1.009,  30.546,   8.485,   0.651,  16.444,   4.568,  15.000,  25.000,   0.000,  90.000,  90.000,    1,   0.000
16:20:00:618, 27992540194151,   31.050,   10.000,  900,   3.113, 145.327,  40.369,   1.106,  83.150,  23.097, 46,  0,   0.829,  30.647,   8.513,   0.632,  16.520,   4.589,  15.000,  25.000,   0.000,  90.000,  90.000,   21,   0.000
16:20:00:717, 27992778240155,   31.149,   57.000, 2700,   6.890, 146.011,  40.559,   4.677,  83.614,  23.226, 49,  0,   1.385,  30.784,   8.551,   0.708,  16.590,   4.608,  15.000,  25.000,   0.000,  90.000,  90.000,    6,   0.530
16:20:00:827, 27993042427518,   31.259,   11.000,  900,   2.597, 146.297,  40.638,   0.699,  83.691,  23.247, 46,  0,   0.769,  30.869,   8.575,   0.635,  16.660,   4.628,  15.000,  25.000,   0.000,  90.000,  90.000,   26,   0.000
16:20:00:935, 27993301911428,   31.367,    6.000, 2300,   3.795, 146.707,  40.752,   1.614,  83.865,  23.296, 46,  0,   0.890,  30.965,   8.601,   0.710,  16.737,   4.649,  15.000,  25.000,   0.000,  90.000,  90.000,    2,   0.000
16:20:01:044, 27993562750550,   31.476,    7.000, 1700,   3.331, 147.069,  40.852,   1.215,  83.997,  23.333, 46,  0,   0.900,  31.063,   8.629,   0.662,  16.809,   4.669,  15.000,  25.000,   0.000,  90.000,  90.000,   10,   1.500
16:20:01:161, 27993843450276,   31.593,    8.000, 1700,   3.149, 147.437,  40.955,   1.019,  84.117,  23.366, 46,  0,   0.895,  31.167,   8.658,   0.649,  16.885,   4.690,  15.000,  25.000,   0.000,  90.000,  90.000,    6,   0.616
16:20:01:267, 27994129954382,   31.712,   34.000, 1700,   3.763, 147.886,  41.080,   1.615,  84.309,  23.419, 47,  0,   0.929,  31.278,   8.688,   0.645,  16.962,   4.712,  15.000,  25.000,   0.000,  90.000,  90.000,    7,   0.785
16:20:01:377, 27994361300592,   31.809,    5.000, 2300,   3.495, 148.223,  41.173,   1.399,  84.444,  23.457, 46,  0,   0.869,  31.362,   8.712,   0.643,  17.024,   4.729,  15.000,  25.000,   0.000,  90.000,  90.000,    4,   0.231
16:20:01:484, 27994618215408,   31.916,    7.000, 2300,   3.528, 148.601,  41.278,   1.423,  84.596,  23.499, 46,  0,   0.883,  31.456,   8.738,   0.635,  17.092,   4.748,  15.000,  25.000,   0.000,  90.000,  90.000,    1,   0.000
16:20:01:613, 27994929209442,   32.046,   11.000,  900,   3.347, 149.035,  41.399,   1.260,  84.760,  23.544, 46,  0,   0.859,  31.568,   8.769,   0.632,  17.174,   4.770,  15.000,  25.000,   0.000,  90.000,  90.000,   25,   0.000
16:20:01:716, 27995175323900,   32.148,   14.000,  800,   3.079, 149.350,  41.486,   1.087,  84.871,  23.575, 46,  0,   0.777,  31.647,   8.791,   0.721,  17.248,   4.791,  15.000,  25.000,   0.000,  90.000,  90.000,   27,   0.000
16:20:01:830, 27995449841395,   32.262,    9.000, 1400,   3.138, 149.709,  41.586,   0.988,  84.984,  23.607, 46,  0,   0.877,  31.748,   8.819,   0.680,  17.325,   4.813,  15.000,  25.000,   0.000,  90.000,  90.000,    2,   0.000
16:20:01:932, 27995693791780,   32.364,    8.000, 1400,   2.953, 150.009,  41.669,   0.875,  85.073,  23.631, 45,  0,   0.858,  31.835,   8.843,   0.630,  17.390,   4.830,  15.000,  25.000,   0.000,  90.000,  90.000,    2,   0.000
16:20:02:046, 27995968210746,   32.478,    7.000, 1400,   2.955, 150.347,  41.763,   0.848,  85.170,  23.658, 45,  0,   0.858,  31.933,   8.870,   0.633,  17.462,   4.851,  15.000,  25.000,   0.000,  90.000,  90.000,    3,   0.000
16:20:02:163, 27996249995915,   32.596,   10.000, 1400,   3.039, 150.704,  41.862,   0.923,  85.279,  23.688, 46,  0,   0.884,  32.037,   8.899,   0.643,  17.537,   4.871,  15.000,  25.000,   0.000,  90.000,  90.000,    6,   0.266
16:20:02:270, 27996534513926,   32.714,   34.000, 2800,   3.878, 151.164,  41.990,   1.722,  85.483,  23.745, 48,  0,   0.942,  32.149,   8.930,   0.654,  17.615,   4.893,  15.000,  25.000,   0.000,  90.000,  90.000,    8,   0.847
16:20:02:380, 27996768298630,   32.812,   14.000, 1300,   3.273, 151.483,  42.079,   1.170,  85.597,  23.777, 46,  0,   0.865,  32.233,   8.954,   0.642,  17.677,   4.910,  15.000,  25.000,   0.000,  90.000,  90.000,   34,   0.182
16:20:02:486, 27997024039724,   32.918,   10.000, 2700,   4.463, 151.958,  42.211,   2.218,  85.833,  23.842, 46,  0,   0.911,  32.330,   8.981,   0.746,  17.757,   4.932,  15.000,  25.000,   0.000,  90.000,  90.000,    2,   0.000
16:20:02:595, 27997286632508,   33.028,    5.000, 2300,   3.345, 152.324,  42.312,   1.279,  85.973,  23.881, 46,  0,   0.847,  32.423,   9.006,   0.631,  17.826,   4.952,  15.000,  25.000,   0.000,  90.000,  90.000,    1,   0.000
16:20:02:702, 27997543530044,   33.135,   21.000, 2700,   5.156, 152.876,  42.466,   3.056,  86.300,  23.972, 49,  0,   0.911,  32.520,   9.033,   0.626,  17.893,   4.970,  15.000,  25.000,   0.000,  90.000,  90.000,    2,   0.000
16:20:02:815, 27997814534882,   33.248,   31.000, 2700,   7.324, 153.703,  42.695,   5.170,  86.884,  24.134, 50,  0,   0.958,  32.628,   9.063,   0.633,  17.964,   4.990,  15.000,  25.000,   0.000,  90.000,  90.000,    2,   0.000
16:20:02:920, 27998066559212,   33.353,   45.000,  800,   3.420, 154.062,  42.795,   1.324,  87.023,  24.173, 47,  0,   0.923,  32.725,   9.090,   0.632,  18.031,   5.009,  15.000,  25.000,   0.000,  90.000,  90.000,   30,   0.000
16:20:03:032, 27998333750635,   33.464,   33.000, 2700,   7.775, 154.928,  43.036,   5.597,  87.646,  24.346, 50,  0,   1.241,  32.863,   9.129,   0.739,  18.113,   5.031,  15.000,  25.000,   0.000,  90.000,  90.000,   11,   1.610
16:20:03:137, 27998585370759,   33.569,   16.000, 2300,   5.084, 155.461,  43.184,   2.904,  87.950,  24.431, 48,  0,   0.938,  32.962,   9.156,   0.658,  18.182,   5.051,  15.000,  25.000,   0.000,  90.000,  90.000,   10,   1.246
16:20:03:273, 27998948215760,   33.720,   55.000, 2800,   6.801, 156.489,  43.469,   4.650,  88.653,  24.626, 52,  0,   1.003,  33.113,   9.198,   0.650,  18.280,   5.078,  15.000,  25.000,   0.000,  90.000,  90.000,    6,   0.636
16:20:03:367, 27999137126070,   33.799,   26.000, 2300,   6.705, 157.017,  43.616,   4.499,  89.007,  24.724, 50,  0,   0.960,  33.189,   9.219,   0.647,  18.331,   5.092,  15.000,  25.000,   0.000,  90.000,  90.000,    5,   0.250
16:20:03:472, 27999391191812,   33.905,   17.000, 1500,   3.567, 157.394,  43.721,   1.429,  89.159,  24.766, 48,  0,   0.938,  33.288,   9.247,   0.635,  18.398,   5.111,  15.000,  25.000,   0.000,  90.000,  90.000,    1,   0.000
16:20:03:582, 27999655219835,   34.015,   22.000, 2700,   3.789, 157.811,  43.836,   1.836,  89.361,  24.822, 48,  0,   0.812,  33.378,   9.272,   0.630,  18.468,   5.130,  15.000,  25.000,   0.000,  90.000,  90.000,    1,   0.000
16:20:03:689, 27999910961872,   34.121,   30.000, 2700,   7.111, 158.569,  44.047,   5.034,  89.897,  24.971, 50,  0,   0.893,  33.473,   9.298,   0.635,  18.535,   5.149,  15.000,  25.000,   0.000,  90.000,  90.000,    1,   0.000
16:20:03:798, 28000174013472,   34.231,   12.000,  800,   2.529, 158.846,  44.124,   0.639,  89.967,  24.991, 47,  0,   0.769,  33.557,   9.321,   0.629,  18.604,   5.168,  15.000,  25.000,   0.000,  90.000,  90.000,   29,   0.000
16:20:03:910, 28000442562412,   34.343,   49.000, 1200,   3.992, 159.293,  44.248,   1.908,  90.181,  25.050, 47,  0,   0.946,  33.663,   9.351,   0.709,  18.684,   5.190,  15.000,  25.000,   0.000,  90.000,  90.000,   22,   0.000
16:20:04:017, 28000698626450,   34.449,   31.000, 2700,   6.963, 160.036,  44.454,   4.765,  90.689,  25.191, 50,  0,   0.982,  33.768,   9.380,   0.674,  18.756,   5.210,  15.000,  25.000,   0.000,  90.000,  90.000,    3,   0.000
16:20:04:121, 28000948771245,   34.554,   18.000, 1100,   4.829, 160.539,  44.594,   2.709,  90.971,  25.270, 48,  0,   0.901,  33.862,   9.406,   0.639,  18.822,   5.228,  15.000,  25.000,   0.000,  90.000,  90.000,   17,   0.076
16:20:04:294, 28001362181704,   34.726,   36.000, 2100,   3.594, 161.158,  44.766,   1.450,  91.221,  25.339, 48,  0,   0.918,  34.020,   9.450,   0.671,  18.938,   5.261,  15.000,  25.000,   0.000,  90.000,  90.000,    6,   0.786
16:20:04:351, 28001500873448,   34.784,   59.000, 2700,   8.834, 161.669,  44.908,   6.398,  91.591,  25.442, 51,  0,   1.685,  34.117,   9.477,   0.659,  18.976,   5.271,  15.000,  25.000,   0.000,  90.000,  90.000,    7,   0.354
16:20:04:453, 28001743677329,   34.885,   75.000, 2700,   9.911, 162.671,  45.186,   7.536,  92.353,  25.654, 53,  0,   1.720,  34.291,   9.525,   0.636,  19.040,   5.289,  15.000,  25.000,   0.000,  90.000,  90.000,    1,   0.000
16:20:04:560, 28002002340150,   34.993,   35.000, 2700,   8.581, 163.596,  45.443,   6.152,  93.016,  25.838, 52,  0,   1.633,  34.467,   9.574,   0.645,  19.110,   5.308,  15.000,  25.000,   0.000,  90.000,  90.000,    1,   0.000
16:20:04:671, 28002267397339,   35.103,   31.000, 2700,   7.756, 164.453,  45.681,   5.462,  93.620,  26.005, 52,  0,   1.481,  34.631,   9.620,   0.631,  19.180,   5.328,  15.000,  25.000,   0.000,  90.000,  90.000,    2,   0.000
16:20:04:780, 28002528488675,   35.212,   50.000, 2700,   8.895, 165.421,  45.950,   6.533,  94.330,  26.203, 54,  0,   1.559,  34.800,   9.667,   0.638,  19.249,   5.347,  15.000,  25.000,   0.000,  90.000,  90.000,    2,   0.000
16:20:04:887, 28002787299850,   35.320,   61.000, 2700,   9.524, 166.448,  46.235,   7.122,  95.098,  26.416, 54,  0,   1.594,  34.972,   9.714,   0.641,  19.318,   5.366,  15.000,  25.000,   0.000,  90.000,  90.000,    1,   0.000
16:20:04:997, 28003049593370,   35.429,   46.000, 2700,   8.834, 167.413,  46.504,   6.454,  95.804,  26.612, 53,  0,   1.662,  35.154,   9.765,   0.655,  19.390,   5.386,  15.000,  25.000,   0.000,  90.000,  90.000,    5,   0.615
16:20:05:106, 28003311593798,   35.538,   33.000, 2700,   8.255, 168.314,  46.754,   5.914,  96.449,  26.792, 52,  0,   1.485,  35.316,   9.810,   0.649,  19.461,   5.406,  15.000,  25.000,   0.000,  90.000,  90.000,    1,   0.000
16:20:05:216, 28003577130746,   35.649,   58.000, 2700,   9.403, 169.355,  47.043,   7.015,  97.226,  27.007, 54,  0,   1.550,  35.487,   9.858,   0.642,  19.531,   5.425,  15.000,  25.000,   0.000,  90.000,  90.000,    5,   0.218
16:20:05:327, 28003841387147,   35.759,   98.000, 2700,  11.113, 170.578,  47.383,   8.699,  98.183,  27.273, 55,  0,   1.890,  35.695,   9.915,   0.700,  19.609,   5.447,  15.000,  25.000,   0.000,  90.000,  90.000,   12,   1.259
16:20:05:434, 28004099568886,   35.866,   92.000, 2700,  10.893, 171.750,  47.708,   8.469,  99.094,  27.526, 56,  0,   1.850,  35.894,   9.971,   0.662,  19.680,   5.467,  15.000,  25.000,   0.000,  90.000,  90.000,    4,   0.000
16:20:05:546, 28004367638756,   35.978,   45.000, 2300,   8.396, 172.688,  47.969,   6.603,  99.832,  27.731, 53,  0,   1.709,  36.085,  10.024,   0.076,  19.688,   5.469,  15.000,  25.000,   0.000,  90.000,  90.000,    7,   1.032
16:20:05:658, 28004635590589,   36.090,   13.000, 2300,   3.225, 173.048,  48.069,   1.685, 100.020,  27.783, 50,  0,   0.963,  36.193,  10.054,   0.020,  19.690,   5.470,  15.000,  25.000,   0.000,  90.000,  90.000,    1,   0.000
16:20:05:769, 28004902348080,   36.201,   57.000, 2700,   7.008, 173.827,  48.285,   5.598, 100.642,  27.956, 53,  0,   1.113,  36.316,  10.088,   0.016,  19.692,   5.470,  15.000,  25.000,   0.000,  90.000,  90.000,    2,   0.000
16:20:05:872, 28005151198812,   36.305,   80.000, 2700,   9.653, 174.828,  48.563,   7.994, 101.471,  28.186, 54,  0,   1.534,  36.475,  10.132,   0.021,  19.694,   5.471,  15.000,  25.000,   0.000,  90.000,  90.000,  112,   0.000
16:20:05:982, 28005414149658,   36.414,    6.000, 2300,   2.813, 175.136,  48.649,   1.379, 101.622,  28.228, 49,  0,   0.891,  36.573,  10.159,   0.014,  19.696,   5.471,  15.000,  25.000,   0.000,  90.000,  90.000,    0,   0.000
16:20:06:100, 28005697217439,   36.532,    8.000, 2300,   2.681, 175.452,  48.737,   1.119, 101.754,  28.265, 48,  0,   0.993,  36.690,  10.192,   0.013,  19.698,   5.472,  15.000,  25.000,   0.000,  90.000,  90.000,    1,   0.000
16:20:06:221, 28005988137595,   36.653,   27.000, 2700,   5.334, 176.099,  48.916,   3.757, 102.210,  28.392, 50,  0,   1.003,  36.812,  10.225,   0.044,  19.703,   5.473,  15.000,  25.000,   0.000,  90.000,  90.000,    5,   0.571
16:20:06:330, 28006249647500,   36.762,   40.000, 2300,   7.151, 176.878,  49.133,   5.526, 102.812,  28.559, 50,  0,   1.035,  36.924,  10.257,   0.083,  19.712,   5.476,  15.000,  25.000,   0.000,  90.000,  90.000,   11,   1.504
16:20:06:437, 28006506437982,   36.869,   18.000, 2300,   2.979, 177.197,  49.221,   1.411, 102.963,  28.601, 48,  0,   1.023,  37.034,  10.287,   0.017,  19.714,   5.476,  15.000,  25.000,   0.000,  90.000,  90.000,    7,   0.000
16:20:06:548, 28006771584330,   36.980,   10.000, 2700,   4.134, 177.653,  49.348,   2.513, 103.240,  28.678, 48,  0,   1.091,  37.154,  10.321,   0.062,  19.721,   5.478,  15.000,  25.000,   0.000,  90.000,  90.000,    1,   0.000
16:20:06:659, 28007037939383,   37.091,    7.000, 2400,   2.813, 177.966,  49.435,   1.269, 103.381,  28.717, 47,  0,   0.983,  37.263,  10.351,   0.014,  19.722,   5.478,  15.000,  25.000,   0.000,  90.000,  90.000,    1,   0.000
16:20:06:763, 28007289397961,   37.196,    8.000, 2400,   2.769, 178.256,  49.515,   1.206, 103.508,  28.752, 47,  0,   1.000,  37.368,  10.380,   0.016,  19.724,   5.479,  15.000,  25.000,   0.000,  90.000,  90.000,    1,   0.000
16:20:06:870, 28007544922563,   37.302,    9.000, 2400,   2.773, 178.551,  49.597,   1.222, 103.638,  28.788, 47,  0,   1.005,  37.475,  10.410,   0.014,  19.725,   5.479,  15.000,  25.000,   0.000,  90.000,  90.000,    1,   0.000
16:20:06:980, 28007809207472,   37.412,    8.000, 2400,   2.723, 178.851,  49.681,   1.163, 103.766,  28.824, 47,  0,   0.997,  37.585,  10.440,   0.015,  19.727,   5.480,  15.000,  25.000,   0.000,  90.000,  90.000,    1,   0.000
16:20:07:102, 28008103135982,   37.535,    8.000, 2400,   2.730, 179.185,  49.774,   1.168, 103.909,  28.864, 47,  0,   0.997,  37.707,  10.474,   0.012,  19.729,   5.480,  15.000,  25.000,   0.000,  90.000,  90.000,    1,   0.000
16:20:07:223, 28008391854542,   37.655,    9.000, 2400,   2.954, 179.540,  49.872,   1.383, 104.075,  28.910, 47,  0,   1.023,  37.830,  10.508,   0.039,  19.733,   5.481,  15.000,  25.000,   0.000,  90.000,  90.000,    3,   0.218
16:20:07:335, 28008660244918,   37.767,   68.000, 2700,   8.367, 180.476,  50.132,   6.619, 104.815,  29.115, 52,  0,   1.477,  37.995,  10.554,   0.068,  19.741,   5.484,  15.000,  25.000,   0.000,  90.000,  90.000,    9,   1.076
16:20:07:446, 28008928206160,   37.878,   78.000, 2700,   9.675, 181.556,  50.432,   7.907, 105.698,  29.361, 54,  0,   1.726,  38.188,  10.608,   0.014,  19.742,   5.484,  15.000,  25.000,   0.000,  90.000,  90.000,    4,   0.000
16:20:07:549, 28009175095238,   37.981,   39.000, 1000,   6.416, 182.216,  50.616,   4.849, 106.197,  29.499, 50,  0,   1.242,  38.316,  10.643,   0.040,  19.747,   5.485,  15.000,  25.000,   0.000,  90.000,  90.000,    9,   0.000
16:20:07:658, 28009435947992,   38.090,   29.000, 1200,   2.513, 182.489,  50.692,   0.966, 106.302,  29.528, 48,  0,   1.000,  38.424,  10.673,   0.068,  19.754,   5.487,  15.000,  25.000,   0.000,  90.000,  90.000,    7,   0.000
16:20:07:763, 28009688691775,   38.195,   20.000,  600,   3.313, 182.838,  50.788,   1.819, 106.494,  29.582, 47,  0,   1.088,  38.539,  10.705,   0.060,  19.760,   5.489,  15.000,  25.000,   0.000,  90.000,  90.000,   28,   0.000
16:20:07:891, 28009996659327,   38.324,   11.000,  700,   2.173, 183.117,  50.866,   0.681, 106.581,  29.606, 46,  0,   0.790,  38.640,  10.733,   0.220,  19.789,   5.497,  15.000,  25.000,   0.000,  90.000,  90.000,   18,   0.000
16:20:08:000, 28010257470184,   38.432,   47.000, 2300,   3.848, 183.535,  50.982,   1.675, 106.763,  29.656, 47,  0,   1.099,  38.760,  10.767,   0.678,  19.862,   5.517,  15.000,  25.000,   0.000,  90.000,  90.000,    7,   0.949
16:20:08:108, 28010516371495,   38.540,    7.000, 2300,   3.568, 183.920,  51.089,   1.463, 106.921,  29.700, 47,  0,   0.926,  38.860,  10.794,   0.659,  19.933,   5.537,  15.000,  25.000,   0.000,  90.000,  90.000,    8,   1.000
16:20:08:226, 28010800166546,   38.658,    6.000, 2300,   3.404, 184.323,  51.201,   1.270, 107.071,  29.742, 47,  0,   0.889,  38.965,  10.824,   0.641,  20.009,   5.558,  15.000,  25.000,   0.000,  90.000,  90.000,    5,   0.540
16:20:08:323, 28011032923340,   38.755,   22.000, 1300,   4.902, 184.798,  51.333,   2.742, 107.337,  29.816, 47,  0,   0.952,  39.057,  10.849,   0.661,  20.073,   5.576,  15.000,  25.000,   0.000,  90.000,  90.000,   25,   1.418
16:20:08:443, 28011320938356,   38.875,   29.000,  900,   2.997, 185.158,  51.433,   0.913, 107.447,  29.846, 46,  0,   0.838,  39.158,  10.877,   0.664,  20.153,   5.598,  15.000,  25.000,   0.000,  90.000,  90.000,   21,   0.000
16:20:08:542, 28011558394015,   38.974,   14.000, 1900,   4.292, 185.583,  51.551,   2.117, 107.656,  29.904, 47,  0,   1.022,  39.259,  10.905,   0.689,  20.221,   5.617,  15.000,  25.000,   0.000,  90.000,  90.000,    3,   0.000
16:20:08:659, 28011838482436,   39.091,    5.000, 1900,   2.994, 185.932,  51.648,   0.934, 107.765,  29.935, 47,  0,   0.840,  39.357,  10.932,   0.626,  20.294,   5.637,  15.000,  25.000,   0.000,  90.000,  90.000,    1,   0.000
16:20:08:772, 28012109412220,   39.204,    6.000, 1900,   3.066, 186.278,  51.744,   0.981, 107.876,  29.965, 47,  0,   0.850,  39.453,  10.959,   0.629,  20.365,   5.657,  15.000,  25.000,   0.000,  90.000,  90.000,    1,   0.000
16:20:08:875, 28012356763712,   39.307,    6.000, 1900,   3.056, 186.593,  51.831,   0.966, 107.975,  29.993, 46,  0,   0.845,  39.540,  10.983,   0.631,  20.430,   5.675,  15.000,  25.000,   0.000,  90.000,  90.000,    2,   0.000
16:20:08:987, 28012625343232,   39.419,   29.000, 1900,   3.530, 186.988,  51.941,   1.422, 108.134,  30.037, 47,  0,   0.927,  39.644,  11.012,   0.631,  20.501,   5.695,  15.000,  25.000,   0.000,  90.000,  90.000,   24,   0.000
16:20:09:098, 28012893527107,   39.531,   35.000, 2700,   8.016, 187.884,  52.190,   5.639, 108.765,  30.212, 51,  0,   1.415,  39.802,  11.056,   0.704,  20.580,   5.717,  15.000,  25.000,   0.000,  90.000,  90.000,    1,   0.000
16:20:09:203, 28013144157206,   39.635,   20.000, 2700,   5.752, 188.485,  52.357,   3.529, 109.133,  30.315, 49,  0,   1.139,  39.921,  11.089,   0.649,  20.647,   5.735,  15.000,  25.000,   0.000,  90.000,  90.000,    8,   0.740
16:20:09:311, 28013405018111,   39.744,   20.000, 2700,   4.644, 188.989,  52.497,   2.488, 109.403,  30.390, 48,  0,   0.928,  40.022,  11.117,   0.651,  20.718,   5.755,  15.000,  25.000,   0.000,  90.000,  90.000,    9,   1.000
16:20:09:428, 28013685265737,   39.861,   25.000, 1100,   3.071, 189.348,  52.597,   0.970, 109.517,  30.421, 47,  0,   0.860,  40.122,  11.145,   0.631,  20.792,   5.775,  15.000,  25.000,   0.000,  90.000,  90.000,   38,   0.000
16:20:09:534, 28013938075077,   39.966,    7.000, 2700,   5.390, 189.916,  52.754,   3.091, 109.842,  30.512, 48,  0,   1.045,  40.232,  11.176,   0.779,  20.874,   5.798,  15.000,  25.000,   0.000,  90.000,  90.000,    5,   0.000
16:20:09:647, 28014209332300,   40.079,   12.000, 1100,   3.011, 190.256,  52.849,   0.926, 109.947,  30.541, 47,  0,   0.847,  40.328,  11.202,   0.626,  20.945,   5.818,  15.000,  25.000,   0.000,  90.000,  90.000,   27,   0.000
16:20:09:758, 28014478108372,   40.191,   10.000, 1000,   3.604, 190.659,  52.961,   1.443, 110.109,  30.586, 46,  0,   0.849,  40.423,  11.229,   0.703,  21.023,   5.840,  15.000,  25.000,   0.000,  90.000,  90.000,   21,   0.000
16:20:09:864, 28014730350406,   40.296,    6.000, 1600,   3.095, 190.985,  53.051,   0.954, 110.209,  30.614, 46,  0,   0.853,  40.512,  11.253,   0.674,  21.094,   5.859,  15.000,  25.000,   0.000,  90.000,  90.000,    1,   0.000
16:20:09:965, 28014974546444,   40.398,   20.000, 1600,   3.526, 191.344,  53.151,   1.366, 110.348,  30.652, 46,  0,   1.017,  40.616,  11.282,   0.638,  21.159,   5.878,  15.000,  25.000,   0.000,  90.000,  90.000,    6,   0.650
16:20:10:081, 28015251438390,   40.513,   42.000, 1000,   4.984, 191.919,  53.311,   2.927, 110.685,  30.746, 47,  0,   1.254,  40.761,  11.322,   0.635,  21.232,   5.898,  15.000,  25.000,   0.000,  90.000,  90.000,   17,   0.000
16:20:10:186, 28015503431341,   40.618,   14.000, 1600,   3.298, 192.265,  53.407,   1.058, 110.797,  30.777, 46,  0,   0.973,  40.863,  11.351,   0.733,  21.309,   5.919,  15.000,  25.000,   0.000,  90.000,  90.000,   15,   2.216
16:20:10:298, 28015771579738,   40.730,   31.000, 2700,   4.014, 192.713,  53.531,   1.837, 111.002,  30.834, 48,  0,   0.924,  40.966,  11.379,   0.686,  21.386,   5.941,  15.000,  25.000,   0.000,  90.000,  90.000,    8,   1.094
16:20:10:408, 28016035725395,   40.840,    6.000, 1600,   3.345, 193.081,  53.634,   1.224, 111.137,  30.871, 46,  0,   0.861,  41.061,  11.406,   0.665,  21.459,   5.961,  15.000,  25.000,   0.000,  90.000,  90.000,    3,   0.250
16:20:10:514, 28016291685471,   40.947,   12.000, 2300,   3.366, 193.440,  53.733,   1.217, 111.266,  30.907, 46,  0,   0.924,  41.159,  11.433,   0.646,  21.528,   5.980,  15.000,  25.000,   0.000,  90.000,  90.000,    2,   0.000
16:20:10:634, 28016577820166,   41.066,   11.000,  900,   2.853, 193.781,  53.828,   0.887, 111.372,  30.937, 46,  0,   0.816,  41.257,  11.460,   0.641,  21.605,   6.001,  15.000,  25.000,   0.000,  90.000,  90.000,   26,   0.000
16:20:10:730, 28016810684308,   41.163,   12.000,  900,   3.191, 194.090,  53.914,   1.159, 111.485,  30.968, 46,  0,   0.779,  41.332,  11.481,   0.740,  21.676,   6.021,  15.000,  25.000,   0.000,  90.000,  90.000,   41,   0.000
16:20:10:851, 28017099422473,   41.283,    5.000, 2300,   3.662, 194.531,  54.036,   1.540, 111.670,  31.019, 46,  0,   0.843,  41.434,  11.509,   0.708,  21.762,   6.045,  15.000,  25.000,   0.000,  90.000,  90.000,    1,   0.000
16:20:10:962, 28017366646811,   41.394,    6.000, 2300,   3.325, 194.901,  54.139,   1.207, 111.804,  31.057, 46,  0,   0.871,  41.531,  11.536,   0.634,  21.832,   6.065,  15.000,  25.000,   0.000,  90.000,  90.000,    1,   0.000
16:20:11:066, 28017616741994,   41.499,    5.000, 2300,   3.244, 195.239,  54.233,   1.144, 111.923,  31.090, 46,  0,   0.846,  41.619,  11.561,   0.649,  21.900,   6.083,  15.000,  25.000,   0.000,  90.000,  90.000,    1,   0.000
16:20:11:178, 28017885394739,   41.611,    7.000, 2700,   3.655, 195.648,  54.347,   1.537, 112.095,  31.138, 47,  0,   0.894,  41.719,  11.589,   0.643,  21.972,   6.103,  15.000,  25.000,   0.000,  90.000,  90.000,    2,   0.123
16:20:11:284, 28018145791466,   41.719,   31.000, 2800,   4.613, 196.149,  54.486,   2.516, 112.368,  31.213, 49,  0,   0.916,  41.818,  11.616,   0.656,  22.043,   6.123,  15.000,  25.000,   0.000,  90.000,  90.000,    9,   1.076
16:20:11:394, 28018403863802,   41.827,    6.000, 2300,   3.590, 196.535,  54.593,   1.458, 112.525,  31.257, 46,  0,   0.875,  41.912,  11.642,   0.633,  22.111,   6.142,  15.000,  25.000,   0.000,  90.000,  90.000,    3,   0.266
16:20:11:500, 28018658598626,   41.933,   11.000, 2300,   3.888, 196.947,  54.708,   1.754, 112.711,  31.309, 47,  0,   0.936,  42.012,  11.670,   0.634,  22.178,   6.161,  15.000,  25.000,   0.000,  90.000,  90.000,    1,   0.000
16:20:11:618, 28018941356196,   42.051,    7.000, 2300,   3.490, 197.359,  54.822,   1.373, 112.873,  31.354, 46,  0,   0.881,  42.116,  11.699,   0.642,  22.254,   6.182,  15.000,  25.000,   0.000,  90.000,  90.000,    1,   0.000
16:20:11:717, 28019178646706,   42.149,    5.000, 2300,   3.305, 197.685,  54.913,   1.183, 112.990,  31.386, 46,  0,   0.856,  42.200,  11.722,   0.652,  22.318,   6.200,  15.000,  25.000,   0.000,  90.000,  90.000,    1,   0.000
16:20:11:836, 28019464249410,   42.268,    5.000, 2300,   3.311, 198.079,  55.022,   1.217, 113.135,  31.426, 46,  0,   0.853,  42.302,  11.750,   0.630,  22.393,   6.220,  15.000,  25.000,   0.000,  90.000,  90.000,    1,   0.000
16:20:11:934, 28019698263900,   42.366,    5.000, 2300,   3.296, 198.401,  55.111,   1.217, 113.254,  31.459, 46,  0,   0.856,  42.385,  11.774,   0.633,  22.455,   6.238,  15.000,  25.000,   0.000,  90.000,  90.000,    2,   0.000
16:20:12:053, 28019984835352,   42.485,    8.000,  900,   3.014, 198.760,  55.211,   0.960, 113.368,  31.491, 45,  0,   0.822,  42.483,  11.801,   0.635,  22.531,   6.259,  15.000,  25.000,   0.000,  90.000,  90.000,   15,   0.000
16:20:12:150, 28020218912640,   42.583,   11.000,  800,   2.733, 199.027,  55.285,   0.767, 113.443,  31.512, 45,  0,   0.783,  42.560,  11.822,   0.680,  22.597,   6.277,  15.000,  25.000,   0.000,  90.000,  90.000,    7,   0.000
16:20:12:287, 28020579892779,   42.733,   34.000, 2200,   3.562, 199.563,  55.434,   1.579, 113.681,  31.578, 48,  0,   0.947,  42.702,  11.862,   0.475,  22.669,   6.297,  15.000,  25.000,   0.000,  90.000,  90.000,    9,   0.900
16:20:12:371, 28020748478318,   42.804,   38.000, 2700,   5.931, 199.979,  55.550,   4.413, 113.991,  31.664, 47,  0,   1.331,  42.796,  11.888,   0.050,  22.672,   6.298,  15.000,  25.000,   0.000,  90.000,  90.000,    5,   0.297
16:20:12:485, 28021020841689,   42.917,   11.000, 2700,   3.347, 200.359,  55.655,   1.839, 114.199,  31.722, 48,  0,   1.019,  42.911,  11.920,   0.011,  22.674,   6.298,  15.000,  25.000,   0.000,  90.000,  90.000,    1,   0.000
16:20:12:591, 28021277053116,   43.024,    8.000, 2700,   3.020, 200.682,  55.745,   1.477, 114.357,  31.766, 47,  0,   1.014,  43.020,  11.950,   0.014,  22.675,   6.299,  15.000,  25.000,   0.000,  90.000,  90.000,    1,   0.000
16:20:12:704, 28021547946363,   43.137,    8.000, 2300,   2.882, 201.007,  55.835,   1.321, 114.506,  31.807, 46,  0,   1.013,  43.134,  11.982,   0.056,  22.681,   6.300,  15.000,  25.000,   0.000,  90.000,  90.000,    6,   0.887
16:20:12:814, 28021810431702,   43.246,    7.000, 2300,   2.572, 201.288,  55.913,   1.062, 114.622,  31.840, 46,  0,   0.977,  43.241,  12.011,   0.015,  22.683,   6.301,  15.000,  25.000,   0.000,  90.000,  90.000,    1,   0.000
16:20:12:922, 28022069525344,   43.354,    8.000, 2300,   2.697, 201.579,  55.994,   1.136, 114.745,  31.874, 46,  0,   1.000,  43.349,  12.041,   0.015,  22.685,   6.301,  15.000,  25.000,   0.000,  90.000,  90.000,    1,   0.000
16:20:13:039, 28022351467552,   43.471,    9.000, 2300,   2.774, 201.905,  56.085,   1.208, 114.887,  31.913, 46,  0,   1.011,  43.467,  12.074,   0.012,  22.686,   6.302,  15.000,  25.000,   0.000,  90.000,  90.000,    1,   0.000
16:20:13:138, 28022588557104,   43.570,    9.000, 2300,   2.602, 202.162,  56.156,   1.065, 114.992,  31.942, 46,  0,   0.982,  43.564,  12.101,   0.016,  22.688,   6.302,  15.000,  25.000,   0.000,  90.000,  90.000,    2,   0.000
16:20:13:291, 28022964167662,   43.727,   64.000, 2700,   7.163, 203.284,  56.468,   5.667, 115.879,  32.189, 51,  0,   1.009,  43.722,  12.145,   0.068,  22.698,   6.305,  15.000,  25.000,   0.000,  90.000,  90.000,    9,   1.229
16:20:13:354, 28023106758000,   43.786,   18.000,  900,   3.887, 203.514,  56.532,   2.301, 116.016,  32.227, 48,  0,   0.915,  43.777,  12.160,   0.073,  22.703,   6.306,  15.000,  25.000,   0.000,  90.000,  90.000,   47,   0.342
16:20:13:472, 28023389838752,   43.904,   33.000, 2700,   5.584, 204.173,  56.715,   3.887, 116.474,  32.354, 50,  0,   0.913,  43.884,  12.190,   0.257,  22.733,   6.315,  15.000,  25.000,   0.000,  90.000,  90.000,    2,   0.000
16:20:13:586, 28023663308508,   44.018,   35.000, 2700,   7.652, 205.045,  56.957,   5.491, 117.100,  32.528, 51,  0,   1.013,  44.000,  12.222,   0.634,  22.805,   6.335,  15.000,  25.000,   0.000,  90.000,  90.000,    1,   0.000
16:20:13:688, 28023908984634,   44.120,   13.000, 2700,   4.115, 205.466,  57.074,   1.933, 117.298,  32.583, 49,  0,   0.890,  44.091,  12.247,   0.662,  22.873,   6.354,  15.000,  25.000,   0.000,  90.000,  90.000,    1,   0.000
16:20:13:801, 28024180381889,   44.234,   32.000, 2700,   7.322, 206.294,  57.304,   5.156, 117.881,  32.745, 51,  0,   0.959,  44.199,  12.278,   0.657,  22.947,   6.374,  15.000,  25.000,   0.000,  90.000,  90.000,    1,   0.000
16:20:13:909, 28024439985788,   44.342,   24.000, 1200,   4.811, 206.815,  57.449,   2.682, 118.171,  32.825, 48,  0,   0.906,  44.297,  12.305,   0.643,  23.017,   6.394,  15.000,  25.000,   0.000,  90.000,  90.000,   38,   0.000
16:20:14:019, 28024702662634,   44.451,   28.000, 1000,   3.962, 207.248,  57.569,   1.730, 118.360,  32.878, 47,  0,   0.873,  44.393,  12.331,   0.775,  23.102,   6.417,  15.000,  25.000,   0.000,  90.000,  90.000,   31,   0.000
16:20:14:124, 28024955785463,   44.557,   32.000, 2700,   6.792, 207.965,  57.768,   4.550, 118.840,  33.011, 52,  0,   0.966,  44.495,  12.360,   0.711,  23.177,   6.438,  15.000,  25.000,   0.000,  90.000,  90.000,    2,   0.000
16:20:14:241, 28025236627784,   44.674,   19.000, 2300,   5.549, 208.614,  57.948,   3.386, 119.237,  33.121, 48,  0,   0.938,  44.605,  12.390,   0.664,  23.254,   6.460,  15.000,  25.000,   0.000,  90.000,  90.000,    4,   0.222
16:20:14:341, 28025474641442,   44.773,   16.000, 2700,   4.855, 209.095,  58.082,   2.704, 119.505,  33.196, 48,  0,   0.939,  44.698,  12.416,   0.659,  23.320,   6.478,  15.000,  25.000,   0.000,  90.000,  90.000,   10,   1.133
16:20:14:458, 28025757511154,   44.891,   30.000, 2700,   6.684, 209.883,  58.301,   4.549, 120.041,  33.345, 50,  0,   0.951,  44.810,  12.447,   0.639,  23.395,   6.499,  15.000,  25.000,   0.000,  90.000,  90.000,    1,   0.000
16:20:14:569, 28026023509037,   45.001,   45.000, 2300,   7.579, 210.723,  58.534,   5.470, 120.647,  33.513, 50,  0,   1.258,  44.949,  12.486,   0.644,  23.466,   6.518,  15.000,  25.000,   0.000,  90.000,  90.000,    1,   0.000
16:20:14:674, 28026274836046,   45.106,   13.000,  900,   2.720, 211.008,  58.613,   0.724, 120.723,  33.534, 47,  0,   0.845,  45.038,  12.510,   0.658,  23.535,   6.538,  15.000,  25.000,   0.000,  90.000,  90.000,   13,   0.323
16:20:14:783, 28026535833743,   45.215,   19.000, 2700,   3.631, 211.403,  58.723,   1.443, 120.880,  33.578, 47,  0,   0.941,  45.140,  12.539,   0.690,  23.610,   6.558,  15.000,  25.000,   0.000,  90.000,  90.000,    4,   0.980
16:20:14:890, 28026792808981,   45.322,   36.000, 2700,   7.360, 212.191,  58.942,   5.255, 121.443,  33.734, 51,  0,   0.978,  45.245,  12.568,   0.633,  23.678,   6.577,  15.000,  25.000,   0.000,  90.000,  90.000,    2,   0.000
16:20:14:996, 28027048078128,   45.428,   25.000, 2300,   6.126, 212.843,  59.123,   3.879, 121.855,  33.849, 48,  0,   1.065,  45.358,  12.599,   0.654,  23.748,   6.597,  15.000,  25.000,   0.000,  90.000,  90.000,    6,   0.637
16:20:15:111, 28027323246148,   45.543,    4.000, 2300,   3.220, 213.212,  59.225,   1.146, 121.987,  33.885, 48,  0,   0.847,  45.455,  12.626,   0.634,  23.820,   6.617,  15.000,  25.000,   0.000,  90.000,  90.000,    1,   0.000
16:20:15:221, 28027587541954,   45.653,   13.000, 2700,   3.967, 213.649,  59.347,   1.886, 122.194,  33.943, 48,  0,   0.910,  45.555,  12.654,   0.656,  23.893,   6.637,  15.000,  25.000,   0.000,  90.000,  90.000,    6,   0.645
16:20:15:324, 28027835964848,   45.757,   89.000, 2700,  10.780, 214.765,  59.657,   8.315, 123.055,  34.182, 53,  0,   1.659,  45.727,  12.702,   0.670,  23.962,   6.656,  15.000,  25.000,   0.000,  90.000,  90.000,   11,   1.271
16:20:15:444, 28028123724270,   45.877,   56.000, 2300,   8.238, 215.752,  59.931,   5.904, 123.763,  34.379, 51,  0,   1.371,  45.891,  12.748,   0.662,  24.041,   6.678,  15.000,  25.000,   0.000,  90.000,  90.000,    2,   0.000
16:20:15:548, 28028373464833,   45.981,   15.000,  900,   3.423, 216.108,  60.030,   1.269, 123.895,  34.415, 48,  0,   0.902,  45.985,  12.774,   0.665,  24.110,   6.697,  15.000,  25.000,   0.000,  90.000,  90.000,   11,   0.000
16:20:15:660, 28028641258348,   46.092,   17.000,  900,   3.017, 216.445,  60.124,   0.864, 123.991,  34.442, 46,  0,   0.869,  46.082,  12.801,   0.700,  24.189,   6.719,  15.000,  25.000,   0.000,  90.000,  90.000,   29,   0.000
16:20:15:760, 28028882189844,   46.193,   27.000, 2700,   5.634, 217.011,  60.281,   3.373, 124.330,  34.536, 49,  0,   0.920,  46.174,  12.826,   0.758,  24.265,   6.740,  15.000,  25.000,   0.000,  90.000,  90.000,    2,   0.000
16:20:15:877, 28029161914277,   46.309,   32.000, 2700,   7.264, 217.857,  60.516,   5.113, 124.926,  34.702, 51,  0,   0.941,  46.284,  12.857,   0.677,  24.343,   6.762,  15.000,  25.000,   0.000,  90.000,  90.000,    1,   0.000
16:20:15:993, 28029440189150,   46.425,   12.000,  900,   3.538, 218.268,  60.630,   1.468, 125.096,  34.749, 47,  0,   0.823,  46.379,  12.883,   0.672,  24.421,   6.784,  15.000,  25.000,   0.000,  90.000,  90.000,   27,   0.000
16:20:16:092, 28029680042176,   46.525,   13.000,  900,   3.097, 218.577,  60.716,   1.080, 125.204,  34.779, 46,  0,   0.760,  46.455,  12.904,   0.768,  24.498,   6.805,  15.000,  25.000,   0.000,  90.000,  90.000,   30,   0.000
16:20:16:208, 28029957339791,   46.641,    6.000, 2300,   3.792, 219.015,  60.838,   1.576, 125.386,  34.830, 47,  0,   0.904,  46.560,  12.933,   0.723,  24.582,   6.828,  15.000,  25.000,   0.000,  90.000,  90.000,    5,   0.333
16:20:16:314, 28030211673324,   46.747,   54.000, 2700,   6.582, 219.713,  61.031,   4.355, 125.848,  34.958, 51,  0,   1.050,  46.671,  12.964,   0.674,  24.653,   6.848,  15.000,  25.000,   0.000,  90.000,  90.000,   10,   1.138
16:20:16:425, 28030477166748,   46.857,   30.000, 2300,   6.815, 220.467,  61.241,   4.644, 126.361,  35.100, 49,  0,   0.981,  46.780,  12.994,   0.663,  24.726,   6.868,  15.000,  25.000,   0.000,  90.000,  90.000,    1,   0.000
16:20:16:531, 28030731465249,   46.963,   10.000, 2300,   3.714, 220.860,  61.350,   1.556, 126.526,  35.146, 48,  0,   0.896,  46.875,  13.021,   0.676,  24.798,   6.888,  15.000,  25.000,   0.000,  90.000,  90.000,    4,   0.000
16:20:16:646, 28031007972047,   47.078,    7.000, 2300,   3.624, 221.278,  61.466,   1.452, 126.694,  35.193, 46,  0,   0.888,  46.977,  13.049,   0.672,  24.875,   6.910,  15.000,  25.000,   0.000,  90.000,  90.000,    1,   0.000
16:20:16:747, 28031249697748,   47.179,    5.000, 2300,   3.207, 221.601,  61.556,   1.142, 126.809,  35.225, 46,  0,   0.845,  47.062,  13.073,   0.646,  24.940,   6.928,  15.000,  25.000,   0.000,  90.000,  90.000,    1,   0.000
16:20:16:868, 28031541396151,   47.301,   53.000, 2700,   8.614, 222.648,  61.847,   6.463, 127.594,  35.443, 52,  0,   1.293,  47.219,  13.116,   0.651,  25.020,   6.950,  15.000,  25.000,   0.000,  90.000,  90.000,    1,   0.000
16:20:16:969, 28031782028060,   47.401,   40.000, 2700,   7.780, 223.428,  62.063,   5.747, 128.170,  35.603, 51,  0,   0.932,  47.313,  13.142,   0.662,  25.086,   6.968,  15.000,  25.000,   0.000,  90.000,  90.000,    1,   0.000
16:20:17:079, 28032048041635,   47.512,   14.000, 1200,   3.627, 223.830,  62.175,   1.508, 128.337,  35.649, 48,  0,   0.857,  47.408,  13.169,   0.652,  25.158,   6.988,  15.000,  25.000,   0.000,  90.000,  90.000,   20,   0.000
16:20:17:195, 28032324755004,   47.627,   12.000, 1200,   3.726, 224.259,  62.294,   1.545, 128.516,  35.699, 47,  0,   0.916,  47.513,  13.198,   0.710,  25.240,   7.011,  15.000,  25.000,   0.000,  90.000,  90.000,   12,   0.787
16:20:17:308, 28032596709914,   47.740,   75.000, 2700,   5.464, 224.878,  62.466,   3.121, 128.869,  35.797, 51,  0,   1.229,  47.653,  13.237,   0.720,  25.322,   7.034,  15.000,  25.000,   0.000,  90.000,  90.000,   20,   3.532
16:20:17:405, 28032829370036,   47.837,   79.000, 2700,   9.914, 225.839,  62.733,   7.755, 129.621,  36.006, 53,  0,   1.622,  47.810,  13.281,   0.658,  25.385,   7.052,  15.000,  25.000,   0.000,  90.000,  90.000,    4,   0.291
16:20:17:521, 28033108374447,   47.954,   62.000, 2700,   9.094, 226.896,  63.027,   6.787, 130.410,  36.225, 51,  0,   1.440,  47.977,  13.327,   0.657,  25.462,   7.073,  15.000,  25.000,   0.000,  90.000,  90.000,    1,   0.000
16:20:17:632, 28033374923351,   48.065,   15.000,  900,   2.893, 227.218,  63.116,   0.881, 130.508,  36.252, 47,  0,   0.827,  48.069,  13.353,   0.655,  25.535,   7.093,  15.000,  25.000,   0.000,  90.000,  90.000,   34,   0.000
16:20:17:733, 28033617007190,   48.165,   15.000, 1000,   3.830, 227.604,  63.223,   1.602, 130.670,  36.297, 47,  0,   0.862,  48.156,  13.377,   0.778,  25.613,   7.115,  15.000,  25.000,   0.000,  90.000,  90.000,   44,   0.000
16:20:17:849, 28033895759200,   48.282,   11.000,  900,   2.950, 227.947,  63.319,   0.963, 130.781,  36.328, 46,  0,   0.753,  48.243,  13.401,   0.736,  25.698,   7.138,  15.000,  25.000,   0.000,  90.000,  90.000,   30,   0.000
16:20:17:963, 28034168243854,   48.395,   29.000, 2700,   5.243, 228.542,  63.484,   3.064, 131.129,  36.425, 48,  0,   1.071,  48.365,  13.435,   0.735,  25.782,   7.162,  15.000,  25.000,   0.000,  90.000,  90.000,    8,   0.988
16:20:18:066, 28034415886434,   48.498,   14.000,  900,   3.244, 228.877,  63.577,   1.115, 131.244,  36.457, 46,  0,   0.877,  48.456,  13.460,   0.638,  25.848,   7.180,  15.000,  25.000,   0.000,  90.000,  90.000,   30,   0.000
16:20:18:178, 28034685776721,   48.611,   17.000,  900,   3.517, 229.272,  63.687,   1.355, 131.397,  36.499, 46,  0,   0.856,  48.552,  13.487,   0.711,  25.928,   7.202,  15.000,  25.000,   0.000,  90.000,  90.000,   34,   0.000
16:20:18:282, 28034939955522,   48.717,   29.000, 2800,   5.352, 229.839,  63.844,   3.127, 131.728,  36.591, 50,  0,   0.950,  48.652,  13.515,   0.745,  26.007,   7.224,  15.000,  25.000,   0.000,  90.000,  90.000,   14,   1.639
16:20:18:397, 28035210472850,   48.829,   22.000,  900,   3.162, 230.195,  63.943,   1.037, 131.845,  36.624, 46,  0,   0.866,  48.750,  13.542,   0.637,  26.078,   7.244,  15.000,  25.000,   0.000,  90.000,  90.000,   19,   0.162
16:20:18:498, 28035453385778,   48.931,   12.000, 2200,   4.165, 230.617,  64.060,   1.939, 132.041,  36.678, 47,  0,   1.025,  48.854,  13.570,   0.694,  26.149,   7.263,  15.000,  25.000,   0.000,  90.000,  90.000,    2,   0.000
16:20:18:612, 28035727634604,   49.045,   10.000, 1000,   3.076, 230.968,  64.158,   0.987, 132.154,  36.709, 46,  0,   0.854,  48.951,  13.598,   0.635,  26.221,   7.284,  15.000,  25.000,   0.000,  90.000,  90.000,   15,   0.000
16:20:18:719, 28035982882449,   49.151,   14.000, 1000,   3.339, 231.323,  64.257,   1.217, 132.283,  36.745, 46,  0,   0.854,  49.042,  13.623,   0.673,  26.293,   7.304,  15.000,  25.000,   0.000,  90.000,  90.000,   33,   0.000
16:20:18:829, 28036247283475,   49.261,   16.000, 1000,   3.690, 231.730,  64.369,   1.479, 132.446,  36.791, 46,  0,   0.869,  49.138,  13.649,   0.717,  26.372,   7.325,  15.000,  25.000,   0.000,  90.000,  90.000,   40,   0.000
16:20:18:946, 28036527993708,   49.378,   22.000, 1000,   3.858, 232.181,  64.495,   1.654, 132.640,  36.844, 47,  0,   0.883,  49.241,  13.678,   0.725,  26.457,   7.349,  15.000,  25.000,   0.000,  90.000,  90.000,   46,   0.000
16:20:19:052, 28036781964167,   49.484,   16.000, 1200,   3.892, 232.593,  64.609,   1.663, 132.816,  36.893, 46,  0,   0.865,  49.333,  13.704,   0.775,  26.539,   7.372,  15.000,  25.000,   0.000,  90.000,  90.000,   46,   0.000
16:20:19:152, 28037021595408,   49.584,   18.000, 1200,   3.796, 232.972,  64.714,   1.577, 132.973,  36.937, 46,  0,   0.856,  49.418,  13.727,   0.756,  26.614,   7.393,  15.000,  25.000,   0.000,  90.000,  90.000,   40,   0.000
16:20:19:284, 28037348320780,   49.720,   28.000, 2800,   4.428, 233.575,  64.882,   2.322, 133.289,  37.025, 48,  0,   0.880,  49.538,  13.761,   0.741,  26.715,   7.421,  15.000,  25.000,   0.000,  90.000,  90.000,   10,   1.051
16:20:19:391, 28037596409032,   49.824,   12.000,  800,   2.886, 233.873,  64.965,   0.823, 133.374,  37.048, 47,  0,   0.831,  49.624,  13.784,   0.652,  26.782,   7.440,  15.000,  25.000,   0.000,  90.000,  90.000,   19,   0.198
16:20:19:495, 28037846457513,   49.928,   63.000, 2700,   7.134, 234.616,  65.171,   4.984, 133.893,  37.193, 49,  0,   1.414,  49.771,  13.825,   0.683,  26.853,   7.459,  15.000,  25.000,   0.000,  90.000,  90.000,    2,   0.000
16:20:19:615, 28038135095872,   50.048,   11.000,  800,   2.798, 234.953,  65.265,   0.892, 134.001,  37.222, 47,  0,   0.766,  49.863,  13.851,   0.632,  26.929,   7.480,  15.000,  25.000,   0.000,  90.000,  90.000,   30,   0.000
16:20:19:722, 28038389671668,   50.154,   17.000,  900,   3.521, 235.326,  65.368,   1.474, 134.157,  37.266, 47,  0,   0.857,  49.954,  13.876,   0.750,  27.009,   7.502,  15.000,  25.000,   0.000,  90.000,  90.000,   46,   1.028
16:20:19:831, 28038651732310,   50.263,    4.000, 2200,   3.447, 235.703,  65.473,   1.271, 134.296,  37.304, 46,  0,   0.861,  50.048,  13.902,   0.715,  27.087,   7.524,  15.000,  25.000,   0.000,  90.000,  90.000,    2,   0.000
16:20:19:944, 28038923603509,   50.377,   29.000, 2200,   4.406, 236.202,  65.612,   2.212, 134.547,  37.374, 48,  0,   1.070,  50.169,  13.936,   0.656,  27.161,   7.545,  15.000,  25.000,   0.000,  90.000,  90.000,   11,   0.848
16:20:20:045, 28039164112388,   50.477,   54.000, 2700,   9.425, 237.146,  65.874,   7.046, 135.253,  37.570, 52,  0,   1.633,  50.333,  13.981,   0.648,  27.226,   7.563,  15.000,  25.000,   0.000,  90.000,  90.000,    5,   0.422
16:20:20:161, 28039443899136,   50.593,   58.000, 2300,   8.873, 238.181,  66.161,   6.552, 136.016,  37.782, 51,  0,   1.499,  50.508,  14.030,   0.631,  27.300,   7.583,  15.000,  25.000,   0.000,  90.000,  90.000,    4,   0.131
16:20:20:287, 28039759348151,   50.725,   31.000, 2300,   4.268, 238.742,  66.317,   2.138, 136.297,  37.860, 49,  0,   0.932,  50.630,  14.064,   0.658,  27.386,   7.607,  15.000,  25.000,   0.000,  90.000,  90.000,    9,   1.092
16:20:20:371, 28039947850540,   50.803,   16.000, 2300,   4.295, 239.079,  66.411,   2.097, 136.462,  37.906, 48,  0,   1.004,  50.709,  14.086,   0.643,  27.437,   7.621,  15.000,  25.000,   0.000,  90.000,  90.000,    9,   0.416
16:20:20:487, 28040227228327,   50.920,    9.000, 2300,   3.724, 239.512,  66.531,   1.575, 136.645,  37.957, 48,  0,   0.931,  50.817,  14.116,   0.658,  27.513,   7.643,  15.000,  25.000,   0.000,  90.000,  90.000,    1,   0.000
16:20:20:599, 28040494461687,   51.031,   21.000, 2700,   5.362, 240.109,  66.697,   3.205, 137.002,  38.056, 50,  0,   1.061,  50.936,  14.149,   0.658,  27.587,   7.663,  15.000,  25.000,   0.000,  90.000,  90.000,    1,   0.000
16:20:20:703, 28040746044124,   51.136,   15.000,  900,   3.459, 240.472,  66.798,   1.322, 137.141,  38.095, 47,  0,   0.873,  51.027,  14.174,   0.644,  27.654,   7.682,  15.000,  25.000,   0.000,  90.000,  90.000,   32,   0.000
16:20:20:818, 28041021517797,   51.251,    4.000, 2300,   3.728, 240.900,  66.917,   1.526, 137.316,  38.143, 46,  0,   0.862,  51.126,  14.202,   0.741,  27.739,   7.705,  15.000,  25.000,   0.000,  90.000,  90.000,    2,   0.000
16:20:20:924, 28041275343992,   51.356,    4.000, 2300,   3.121, 241.230,  67.008,   1.013, 137.423,  38.173, 46,  0,   0.852,  51.216,  14.227,   0.637,  27.806,   7.724,  15.000,  25.000,   0.000,  90.000,  90.000,    1,   0.000
16:20:21:034, 28041539999765,   51.467,   15.000, 1000,   2.974, 241.558,  67.099,   0.873, 137.519,  38.200, 46,  0,   0.860,  51.311,  14.253,   0.637,  27.877,   7.744,  15.000,  25.000,   0.000,  90.000,  90.000,   32,   0.000
16:20:21:140, 28041794194902,   51.573,   10.000,  900,   3.617, 241.941,  67.206,   1.448, 137.673,  38.242, 46,  0,   0.839,  51.400,  14.278,   0.744,  27.956,   7.765,  15.000,  25.000,   0.000,  90.000,  90.000,   24,   0.000
16:20:21:326, 28042256491488,   51.765,   37.000, 1700,   3.145, 242.547,  67.374,   1.142, 137.893,  38.303, 46,  0,   0.860,  51.565,  14.324,   0.671,  28.085,   7.801,  15.000,  25.000,   0.000,  90.000,  90.000,    8,   0.833
16:20:21:358, 28042316515582,   51.790,   12.000, 1700,   2.858, 242.618,  67.394,   1.049, 137.919,  38.311, 46,  0,   0.925,  51.589,  14.330,   0.342,  28.093,   7.804,  15.000,  25.000,   0.000,  90.000,  90.000,   14,   0.693
16:20:21:473, 28042594386000,   51.906,   17.000, 1000,   2.244, 242.878,  67.466,   0.657, 137.995,  38.332, 46,  0,   1.002,  51.705,  14.362,   0.021,  28.096,   7.804,  15.000,  25.000,   0.000,  90.000,  90.000,   15,   0.000
16:20:21:587, 28042865637691,   52.019,   13.000, 2700,   3.638, 243.289,  67.580,   1.965, 138.217,  38.394, 47,  0,   1.013,  51.819,  14.394,   0.133,  28.111,   7.809,  15.000,  25.000,   0.000,  90.000,  90.000,    1,   0.000
16:20:21:690, 28043114697856,   52.123,   13.000, 1100,   3.230, 243.624,  67.673,   1.132, 138.334,  38.426, 46,  0,   0.876,  51.910,  14.419,   0.630,  28.176,   7.827,  15.000,  25.000,   0.000,  90.000,  90.000,   33,   0.000
16:20:21:805, 28043390245488,   52.238,   11.000, 1200,   3.738, 244.054,  67.793,   1.542, 138.511,  38.475, 46,  0,   0.868,  52.010,  14.447,   0.726,  28.259,   7.850,  15.000,  25.000,   0.000,  90.000,  90.000,   22,   0.000
16:20:21:906, 28043633282518,   52.339,   46.000,  900,   2.826, 244.340,  67.872,   0.839, 138.596,  38.499, 46,  0,   0.790,  52.089,  14.469,   0.673,  28.328,   7.869,  15.000,  25.000,   0.000,  90.000,  90.000,   37,   0.000
16:20:22:020, 28043906499085,   52.453,   21.000,  900,   5.886, 245.010,  68.058,   3.700, 139.018,  38.616, 47,  0,   1.245,  52.231,  14.509,   0.731,  28.411,   7.892,  15.000,  25.000,   0.000,  90.000,  90.000,   49,   0.000
16:20:22:127, 28044162869392,   52.560,   16.000,  900,   3.584, 245.393,  68.165,   1.423, 139.170,  38.658, 46,  0,   0.844,  52.321,  14.534,   0.740,  28.490,   7.914,  15.000,  25.000,   0.000,  90.000,  90.000,   25,   0.000
16:20:22:236, 28044425082246,   52.669,   13.000, 1400,   3.128, 245.734,  68.260,   0.979, 139.277,  38.688, 46,  0,   0.881,  52.418,  14.560,   0.683,  28.565,   7.935,  15.000,  25.000,   0.000,  90.000,  90.000,   13,   0.103
16:20:22:344, 28044683164490,   52.776,   15.000, 2700,   4.884, 246.260,  68.405,   2.652, 139.562,  38.767, 47,  0,   1.006,  52.526,  14.591,   0.721,  28.642,   7.956,  15.000,  25.000,   0.000,  90.000,  90.000,   19,   3.023
16:20:22:460, 28044961848511,   52.892,   17.000, 1000,   2.999, 246.608,  68.502,   0.899, 139.666,  38.796, 45,  0,   0.844,  52.624,  14.618,   0.640,  28.716,   7.977,  15.000,  25.000,   0.000,  90.000,  90.000,   35,   0.000
16:20:22:560, 28045202245249,   52.993,   26.000, 1000,   4.385, 247.047,  68.624,   2.145, 139.881,  38.856, 46,  0,   0.905,  52.714,  14.643,   0.765,  28.793,   7.998,  15.000,  25.000,   0.000,  90.000,  90.000,   47,   0.000
16:20:22:677, 28045482204785,   53.109,   10.000, 1300,   3.676, 247.476,  68.743,   1.485, 140.054,  38.904, 46,  0,   0.873,  52.816,  14.671,   0.710,  28.876,   8.021,  15.000,  25.000,   0.000,  90.000,  90.000,   15,   0.000
16:20:22:777, 28045721280553,   53.209,   10.000, 1300,   3.038, 247.779,  68.827,   0.926, 140.146,  38.930, 46,  0,   0.861,  52.902,  14.695,   0.659,  28.942,   8.039,  15.000,  25.000,   0.000,  90.000,  90.000,    7,   0.000
16:20:22:893, 28046000066790,   53.325,   15.000, 1000,   2.963, 248.123,  68.923,   0.863, 140.247,  38.957, 45,  0,   0.853,  53.001,  14.723,   0.642,  29.016,   8.060,  15.000,  25.000,   0.000,  90.000,  90.000,   31,   0.000
16:20:22:998, 28046252421776,   53.430,   23.000,  900,   3.553, 248.496,  69.027,   1.356, 140.389,  38.997, 46,  0,   0.889,  53.095,  14.749,   0.724,  29.092,   8.081,  15.000,  25.000,   0.000,  90.000,  90.000,   50,   0.000
16:20:23:106, 28046512175805,   53.538,    8.000, 2700,   4.103, 248.940,  69.150,   1.871, 140.592,  39.053, 46,  0,   0.879,  53.190,  14.775,   0.749,  29.173,   8.104,  15.000,  25.000,   0.000,  90.000,  90.000,    2,   0.000
16:20:23:224, 28046794473484,   53.656,   18.000,  900,   3.000, 249.293,  69.248,   0.907, 140.698,  39.083, 46,  0,   0.867,  53.292,  14.803,   0.629,  29.247,   8.124,  15.000,  25.000,   0.000,  90.000,  90.000,   18,   0.004
16:20:23:331, 28047050824064,   53.763,   22.000, 2700,   4.632, 249.788,  69.386,   2.416, 140.956,  39.155, 47,  0,   0.964,  53.395,  14.832,   0.706,  29.323,   8.145,  15.000,  25.000,   0.000,  90.000,  90.000,   15,   1.909
16:20:23:441, 28047315209236,   53.873,    8.000, 1500,   3.190, 250.140,  69.483,   1.096, 141.077,  39.188, 46,  0,   0.863,  53.490,  14.858,   0.628,  29.392,   8.164,  15.000,  25.000,   0.000,  90.000,  90.000,    1,   0.000
16:20:23:548, 28047571560752,   53.980,   13.000, 1500,   3.259, 250.488,  69.580,   1.124, 141.197,  39.221, 46,  0,   0.914,  53.587,  14.885,   0.638,  29.460,   8.183,  15.000,  25.000,   0.000,  90.000,  90.000,    2,   0.000
16:20:23:663, 28047849410694,   54.096,    9.000,  900,   2.661, 250.796,  69.665,   0.653, 141.273,  39.242, 45,  0,   0.809,  53.681,  14.911,   0.635,  29.534,   8.204,  15.000,  25.000,   0.000,  90.000,  90.000,   15,   0.000
16:20:23:763, 28048088990411,   54.195,   15.000,  800,   2.690, 251.064,  69.740,   0.715, 141.344,  39.262, 45,  0,   0.785,  53.759,  14.933,   0.684,  29.602,   8.223,  15.000,  25.000,   0.000,  90.000,  90.000,   34,   0.000
16:20:23:876, 28048359268630,   54.308,   28.000,  900,   3.427, 251.450,  69.847,   1.284, 141.489,  39.302, 46,  0,   0.890,  53.860,  14.961,   0.705,  29.681,   8.245,  15.000,  25.000,   0.000,  90.000,  90.000,    5,   0.000
16:20:23:980, 28048608532842,   54.412,   10.000, 1600,   3.427, 251.806,  69.946,   1.287, 141.622,  39.340, 45,  0,   0.908,  53.954,  14.987,   0.642,  29.748,   8.263,  15.000,  25.000,   0.000,  90.000,  90.000,    2,   0.000
16:20:24:096, 28048887663114,   54.528,    6.000, 1600,   2.894, 252.143,  70.040,   0.814, 141.717,  39.366, 45,  0,   0.854,  54.053,  15.015,   0.631,  29.821,   8.284,  15.000,  25.000,   0.000,  90.000,  90.000,    1,   0.000
16:20:24:216, 28049174900232,   54.648,   29.000, 2300,   3.601, 252.574,  70.159,   1.494, 141.896,  39.416, 47,  0,   1.103,  54.185,  15.051,   0.627,  29.896,   8.305,  15.000,  25.000,   0.000,  90.000,  90.000,    2,   0.000
16:20:24:333, 28049456334326,   54.765,   20.000, 2700,   5.111, 253.173,  70.326,   3.051, 142.254,  39.515, 47,  0,   0.981,  54.300,  15.083,   0.676,  29.976,   8.327,  15.000,  25.000,   0.000,  90.000,  90.000,   17,   2.303
16:20:24:440, 28049714674158,   54.873,   15.000, 1000,   3.166, 253.514,  70.420,   1.042, 142.366,  39.546, 46,  0,   0.864,  54.393,  15.109,   0.631,  30.044,   8.345,  15.000,  25.000,   0.000,  90.000,  90.000,   33,   0.000
16:20:24:549, 28049976416828,   54.982,   20.000, 1000,   4.381, 253.992,  70.553,   2.169, 142.602,  39.612, 47,  0,   0.905,  54.492,  15.137,   0.731,  30.123,   8.368,  15.000,  25.000,   0.000,  90.000,  90.000,   39,   0.000
16:20:24:665, 28050253559808,   55.097,   14.000, 1200,   3.594, 254.407,  70.668,   1.410, 142.765,  39.657, 46,  0,   0.863,  54.592,  15.164,   0.702,  30.204,   8.390,  15.000,  25.000,   0.000,  90.000,  90.000,   34,   0.000
16:20:24:766, 28050495223960,   55.198,   14.000, 1300,   3.770, 254.786,  70.774,   1.604, 142.927,  39.702, 46,  0,   0.876,  54.680,  15.189,   0.720,  30.277,   8.410,  15.000,  25.000,   0.000,  90.000,  90.000,   39,   0.000
16:20:24:882, 28050773685760,   55.314,   11.000, 2700,   4.195, 255.273,  70.909,   1.986, 143.157,  39.766, 46,  0,   0.926,  54.787,  15.219,   0.734,  30.362,   8.434,  15.000,  25.000,   0.000,  90.000,  90.000,   16,   1.631
16:20:24:993, 28051040358194,   55.425,   15.000, 2400,   4.722, 255.798,  71.055,   2.530, 143.438,  39.844, 47,  0,   1.064,  54.906,  15.252,   0.658,  30.435,   8.454,  15.000,  25.000,   0.000,  90.000,  90.000,   12,   0.837
16:20:25:098, 28051292671622,   55.530,    7.000, 2300,   3.479, 256.163,  71.156,   1.304, 143.575,  39.882, 46,  0,   0.921,  55.002,  15.278,   0.660,  30.505,   8.473,  15.000,  25.000,   0.000,  90.000,  90.000,   12,   0.441
16:20:25:198, 28051532868174,   55.630,    7.000, 2300,   3.391, 256.503,  71.251,   1.264, 143.702,  39.917, 46,  0,   0.904,  55.093,  15.304,   0.649,  30.569,   8.492,  15.000,  25.000,   0.000,  90.000,  90.000,   10,   0.376
16:20:25:317, 28051817205282,   55.749,   76.000, 2700,   7.926, 257.442,  71.512,   5.634, 144.369,  40.103, 52,  0,   1.408,  55.260,  15.350,   0.677,  30.650,   8.514,  15.000,  25.000,   0.000,  90.000,  90.000,   18,   1.953
16:20:25:423, 28052072542310,   55.855,   47.000, 2300,   7.883, 258.280,  71.745,   5.547, 144.960,  40.267, 50,  0,   1.336,  55.402,  15.389,   0.667,  30.721,   8.534,  15.000,  25.000,   0.000,  90.000,  90.000,   10,   0.623
16:20:25:536, 28052343967648,   55.968,    9.000, 2300,   3.604, 258.688,  71.858,   1.521, 145.132,  40.314, 47,  0,   0.895,  55.503,  15.418,   0.650,  30.794,   8.554,  15.000,  25.000,   0.000,  90.000,  90.000,    8,   0.269
16:20:25:636, 28052584937100,   56.069,   13.000, 1000,   2.884, 258.978,  71.938,   0.878, 145.220,  40.339, 46,  0,   0.826,  55.586,  15.441,   0.627,  30.857,   8.571,  15.000,  25.000,   0.000,  90.000,  90.000,   30,   0.000
16:20:25:752, 28052862466102,   56.184,    5.000, 2300,   3.729, 259.409,  72.058,   1.549, 145.399,  40.389, 46,  0,   0.865,  55.686,  15.468,   0.709,  30.939,   8.594,  15.000,  25.000,   0.000,  90.000,  90.000,    1,   0.000
16:20:25:868, 28053139923992,   56.300,    9.000, 1100,   2.952, 259.750,  72.153,   0.887, 145.501,  40.417, 46,  0,   0.843,  55.783,  15.495,   0.627,  31.012,   8.614,  15.000,  25.000,   0.000,  90.000,  90.000,   16,   0.000
16:20:25:969, 28053382299538,   56.401,    6.000, 2000,   3.331, 260.086,  72.246,   1.181, 145.621,  40.450, 46,  0,   0.872,  55.871,  15.520,   0.679,  31.080,   8.633,  15.000,  25.000,   0.000,  90.000,  90.000,    1,   0.000
16:20:26:084, 28053658756808,   56.516,    7.000,  800,   2.808, 260.410,  72.336,   0.768, 145.709,  40.475, 45,  0,   0.827,  55.967,  15.546,   0.633,  31.153,   8.654,  15.000,  25.000,   0.000,  90.000,  90.000,    4,   0.000
16:20:26:184, 28053899633502,   56.617,   18.000,  900,   2.790, 260.690,  72.414,   0.718, 145.781,  40.495, 46,  0,   0.857,  56.053,  15.570,   0.645,  31.218,   8.672,  15.000,  25.000,   0.000,  90.000,  90.000,   30,   0.000
16:20:26:300, 28054184100616,   56.735,   29.000, 2800,   4.471, 261.220,  72.561,   2.330, 146.057,  40.571, 48,  0,   0.902,  56.160,  15.600,   0.722,  31.304,   8.695,  15.000,  25.000,   0.000,  90.000,  90.000,   11,   1.162
16:20:26:409, 28054440096995,   56.842,   19.000, 1400,   3.008, 261.541,  72.650,   1.045, 146.169,  40.602, 46,  0,   0.826,  56.248,  15.624,   0.634,  31.371,   8.714,  15.000,  25.000,   0.000,  90.000,  90.000,    4,   0.286
16:20:26:516, 28054696289878,   56.948,   33.000, 1400,   3.145, 261.876,  72.743,   1.058, 146.282,  40.634, 46,  0,   0.917,  56.346,  15.652,   0.634,  31.439,   8.733,  15.000,  25.000,   0.000,  90.000,  90.000,   13,   0.000
16:20:26:620, 28054945491130,   57.052,   24.000, 2500,   5.689, 262.467,  72.908,   3.613, 146.657,  40.738, 47,  0,   1.214,  56.472,  15.687,   0.660,  31.507,   8.752,  15.000,  25.000,   0.000,  90.000,  90.000,    1,   0.000
16:20:26:741, 28055235266305,   57.173,   15.000, 1000,   2.926, 262.821,  73.006,   0.850, 146.760,  40.767, 46,  0,   0.846,  56.574,  15.715,   0.630,  31.583,   8.773,  15.000,  25.000,   0.000,  90.000,  90.000,   34,   0.000
16:20:26:850, 28055497515782,   57.282,    7.000, 2700,   4.137, 263.273,  73.131,   1.866, 146.964,  40.823, 46,  0,   0.934,  56.676,  15.743,   0.767,  31.667,   8.796,  15.000,  25.000,   0.000,  90.000,  90.000,   14,   1.668
16:20:26:956, 28055751542279,   57.388,   12.000, 1100,   3.232, 263.615,  73.226,   1.166, 147.087,  40.857, 46,  0,   0.847,  56.766,  15.768,   0.635,  31.734,   8.815,  15.000,  25.000,   0.000,  90.000,  90.000,   29,   0.000
16:20:27:070, 28056026483684,   57.503,   11.000, 1200,   3.662, 264.034,  73.343,   1.487, 147.257,  40.905, 46,  0,   0.860,  56.864,  15.796,   0.708,  31.816,   8.838,  15.000,  25.000,   0.000,  90.000,  90.000,   22,   0.000
16:20:27:173, 28056271894030,   57.605,   14.000,  900,   3.184, 264.360,  73.433,   1.069, 147.367,  40.935, 46,  0,   0.847,  56.951,  15.820,   0.665,  31.884,   8.857,  15.000,  25.000,   0.000,  90.000,  90.000,   34,   0.000
16:20:27:336, 28056664394212,   57.769,   71.000, 2700,   5.079, 265.191,  73.664,   2.799, 147.824,  41.062, 51,  0,   1.135,  57.136,  15.871,   0.705,  31.999,   8.889,  15.000,  25.000,   0.000,  90.000,  90.000,   12,   1.577
16:20:27:387, 28056787468331,   57.820,   87.000, 2700,  10.349, 265.721,  73.811,   7.980, 148.234,  41.176, 52,  0,   1.844,  57.231,  15.897,   0.642,  32.032,   8.898,  15.000,  25.000,   0.000,  90.000,  90.000,   11,   0.402
16:20:27:505, 28057068805914,   57.937,   89.000, 2700,  10.667, 266.972,  74.159,   8.279, 149.204,  41.446, 53,  0,   1.756,  57.437,  15.955,   0.629,  32.105,   8.918,  15.000,  25.000,   0.000,  90.000,  90.000,    1,   0.000
16:20:27:614, 28057332442937,   58.047,   35.000, 1100,   6.083, 267.640,  74.344,   3.837, 149.626,  41.563, 49,  0,   1.142,  57.562,  15.989,   0.626,  32.174,   8.937,  15.000,  25.000,   0.000,  90.000,  90.000,   31,   0.000
16:20:27:713, 28057569714920,   58.146,   18.000, 1000,   4.508, 268.086,  74.468,   2.261, 149.849,  41.625, 48,  0,   0.956,  57.657,  16.016,   0.745,  32.248,   8.958,  15.000,  25.000,   0.000,  90.000,  90.000,   35,   0.000
16:20:27:833, 28057857486406,   58.266,   13.000, 1000,   3.350, 268.487,  74.580,   1.190, 149.992,  41.664, 47,  0,   0.866,  57.761,  16.045,   0.692,  32.331,   8.981,  15.000,  25.000,   0.000,  90.000,  90.000,   25,   0.000
16:20:27:943, 28058119131610,   58.375,   29.000, 2700,   4.872, 269.018,  74.727,   2.625, 150.278,  41.744, 48,  0,   1.093,  57.880,  16.078,   0.711,  32.408,   9.002,  15.000,  25.000,   0.000,  90.000,  90.000,   11,   1.127
16:20:28:053, 28058386046324,   58.486,   17.000, 1000,   3.103, 269.364,  74.823,   0.992, 150.388,  41.775, 46,  0,   0.869,  57.976,  16.105,   0.632,  32.479,   9.022,  15.000,  25.000,   0.000,  90.000,  90.000,   40,   0.000
16:20:28:162, 28058646574182,   58.594,   16.000, 1300,   4.010, 269.799,  74.944,   1.758, 150.579,  41.828, 47,  0,   0.875,  58.071,  16.131,   0.772,  32.562,   9.045,  15.000,  25.000,   0.000,  90.000,  90.000,   46,   0.000
16:20:28:321, 28059037750872,   58.757,   35.000, 2800,   4.252, 270.492,  75.137,   2.065, 150.916,  41.921, 49,  0,   0.920,  58.221,  16.173,   0.701,  32.677,   9.077,  15.000,  25.000,   0.000,  90.000,  90.000,    9,   0.941
16:20:28:378, 28059165638757,   58.811,   21.000, 1100,   3.641, 270.686,  75.191,   1.525, 150.997,  41.944, 47,  0,   0.883,  58.268,  16.186,   0.653,  32.711,   9.087,  15.000,  25.000,   0.000,  90.000,  90.000,   30,   0.490
16:20:28:490, 28059434455000,   58.923,   16.000, 1100,   3.871, 271.120,  75.311,   1.720, 151.190,  41.997, 46,  0,   0.902,  58.369,  16.214,   0.666,  32.786,   9.107,  15.000,  25.000,   0.000,  90.000,  90.000,   32,   0.000
16:20:28:594, 28059682907067,   59.026,   61.000, 1900,   4.437, 271.579,  75.439,   2.250, 151.423,  42.062, 48,  0,   1.088,  58.482,  16.245,   0.715,  32.860,   9.128,  15.000,  25.000,   0.000,  90.000,  90.000,   27,   0.000
16:20:28:703, 28059943435489,   59.135,   20.000, 2700,   6.794, 272.316,  75.643,   4.594, 151.921,  42.200, 48,  0,   1.304,  58.624,  16.284,   0.697,  32.936,   9.149,  15.000,  25.000,   0.000,  90.000,  90.000,    2,   0.000
16:20:28:810, 28060201708986,   59.242,   16.000, 1000,   3.409, 272.683,  75.745,   1.305, 152.062,  42.239, 47,  0,   0.876,  58.718,  16.311,   0.632,  33.004,   9.168,  15.000,  25.000,   0.000,  90.000,  90.000,   39,   0.000
16:20:28:924, 28060475132512,   59.356,   19.000, 1200,   4.364, 273.180,  75.883,   2.099, 152.301,  42.306, 47,  0,   0.947,  58.826,  16.341,   0.766,  33.091,   9.192,  15.000,  25.000,   0.000,  90.000,  90.000,   42,   1.357
16:20:29:026, 28060720964817,   59.459,   16.000,  900,   3.389, 273.528,  75.980,   1.251, 152.429,  42.341, 46,  0,   0.854,  58.913,  16.365,   0.697,  33.162,   9.212,  15.000,  25.000,   0.000,  90.000,  90.000,   37,   0.000
16:20:29:149, 28061014030423,   59.581,   14.000, 1200,   3.681, 273.977,  76.105,   1.526, 152.615,  42.393, 46,  0,   0.853,  59.018,  16.394,   0.701,  33.248,   9.236,  15.000,  25.000,   0.000,  90.000,  90.000,   34,   0.000
16:20:29:258, 28061277804312,   59.691,    6.000, 2700,   4.011, 274.418,  76.227,   1.815, 152.815,  42.449, 46,  0,   0.884,  59.115,  16.421,   0.722,  33.327,   9.258,  15.000,  25.000,   0.000,  90.000,  90.000,  117,   0.000
16:20:29:365, 28061533454613,   59.797,   24.000, 2700,   4.304, 274.876,  76.355,   2.105, 153.039,  42.511, 47,  0,   0.983,  59.219,  16.450,   0.672,  33.399,   9.277,  15.000,  25.000,   0.000,  90.000,  90.000,    9,   1.144
16:20:29:480, 28061809327066,   59.912,   19.000, 1000,   4.315, 275.372,  76.492,   2.216, 153.294,  42.582, 47,  0,   0.956,  59.329,  16.480,   0.630,  33.471,   9.298,  15.000,  25.000,   0.000,  90.000,  90.000,   27,   0.000
16:20:29:601, 28062099834046,   60.033,   14.000, 1100,   3.970, 275.853,  76.626,   1.761, 153.507,  42.641, 47,  0,   0.890,  59.437,  16.510,   0.706,  33.557,   9.321,  15.000,  25.000,   0.000,  90.000,  90.000,   29,   0.000
16:20:29:708, 28062357776090,   60.141,   16.000, 1100,   3.523, 276.232,  76.731,   1.386, 153.656,  42.682, 46,  0,   0.847,  59.528,  16.536,   0.710,  33.633,   9.343,  15.000,  25.000,   0.000,  90.000,  90.000,   43,   0.000
16:20:29:814, 28062610081066,   60.246,   13.000, 1000,   3.500, 276.599,  76.833,   1.434, 153.807,  42.724, 46,  0,   0.810,  59.613,  16.559,   0.751,  33.712,   9.364,  15.000,  25.000,   0.000,  90.000,  90.000,   42,   0.000
16:20:29:929, 28062886072129,   60.361,   36.000, 2700,   5.224, 277.200,  77.000,   3.201, 154.175,  42.826, 50,  0,   1.034,  59.732,  16.592,   0.710,  33.794,   9.387,  15.000,  25.000,   0.000,  90.000,  90.000,    8,   0.679
16:20:30:041, 28063155372386,   60.473,   40.000, 2700,   8.550, 278.160,  77.267,   6.388, 154.892,  43.025, 52,  0,   1.357,  59.884,  16.635,   0.640,  33.866,   9.407,  15.000,  25.000,   0.000,  90.000,  90.000,    1,   0.000
16:20:30:151, 28063419736133,   60.583,   11.000,  900,   3.778, 278.576,  77.382,   1.713, 155.080,  43.078, 47,  0,   0.917,  59.985,  16.663,   0.660,  33.938,   9.427,  15.000,  25.000,   0.000,  90.000,  90.000,   19,   0.393
16:20:30:260, 28063682204676,   60.693,   18.000,  900,   3.006, 278.905,  77.473,   0.901, 155.179,  43.105, 46,  0,   0.855,  60.079,  16.689,   0.674,  34.012,   9.448,  15.000,  25.000,   0.000,  90.000,  90.000,   32,   0.003
16:20:30:382, 28063975127400,   60.815,   20.000, 1300,   5.016, 279.517,  77.644,   2.797, 155.520,  43.200, 47,  0,   0.943,  60.194,  16.721,   0.729,  34.101,   9.472,  15.000,  25.000,   0.000,  90.000,  90.000,   42,   1.204
16:20:30:479, 28064206602096,   60.911,    5.000, 2700,   3.930, 279.896,  77.749,   1.737, 155.688,  43.247, 47,  0,   0.859,  60.277,  16.744,   0.735,  34.172,   9.492,  15.000,  25.000,   0.000,  90.000,  90.000,    2,   0.000
16:20:30:599, 28064495775396,   61.032,    8.000, 2300,   3.613, 280.331,  77.870,   1.483, 155.866,  43.296, 46,  0,   0.951,  60.391,  16.775,   0.630,  34.248,   9.513,  15.000,  25.000,   0.000,  90.000,  90.000,    1,   0.000
16:20:30:711, 28064764604935,   61.144,   10.000,  900,   2.843, 280.649,  77.958,   0.803, 155.956,  43.321, 46,  0,   0.827,  60.484,  16.801,   0.627,  34.318,   9.533,  15.000,  25.000,   0.000,  90.000,  90.000,   22,   0.000
16:20:30:815, 28065014156772,   61.248,    9.000,  800,   3.160, 280.978,  78.049,   1.132, 156.074,  43.354, 45,  0,   0.802,  60.568,  16.824,   0.706,  34.391,   9.553,  15.000,  25.000,   0.000,  90.000,  90.000,   22,   0.000
16:20:30:927, 28065283364570,   61.360,    6.000, 1400,   2.807, 281.293,  78.137,   0.796, 156.163,  43.379, 45,  0,   0.810,  60.658,  16.850,   0.676,  34.467,   9.574,  15.000,  25.000,   0.000,  90.000,  90.000,    2,   0.000
16:20:31:032, 28065533380781,   61.464,    7.000, 1400,   2.866, 281.591,  78.220,   0.765, 156.243,  43.401, 46,  0,   0.849,  60.747,  16.874,   0.642,  34.534,   9.593,  15.000,  25.000,   0.000,  90.000,  90.000,    2,   0.000
16:20:31:153, 28065825266575,   61.586,    7.000, 1400,   2.881, 281.942,  78.317,   0.772, 156.337,  43.427, 45,  0,   0.854,  60.851,  16.903,   0.636,  34.611,   9.614,  15.000,  25.000,   0.000,  90.000,  90.000,    1,   0.000
16:20:31:264, 28066091221942,   61.696,   36.000, 2700,   4.850, 282.479,  78.466,   2.795, 156.647,  43.513, 47,  0,   1.185,  60.982,  16.939,   0.631,  34.681,   9.634,  15.000,  25.000,   0.000,  90.000,  90.000,    1,   0.000
16:20:31:370, 28066345683215,   61.802,   20.000, 1200,   4.927, 283.002,  78.612,   2.824, 156.946,  43.596, 47,  0,   0.931,  61.081,  16.967,   0.659,  34.751,   9.653,  15.000,  25.000,   0.000,  90.000,  90.000,   32,   0.946
16:20:31:482, 28066613147612,   61.914,   15.000, 1200,   3.761, 283.421,  78.728,   1.642, 157.129,  43.647, 47,  0,   0.889,  61.180,  16.994,   0.715,  34.831,   9.675,  15.000,  25.000,   0.000,  90.000,  90.000,   41,   0.967
16:20:31:603, 28066904438901,   62.035,    9.000, 2700,   4.263, 283.938,  78.872,   2.097, 157.384,  43.718, 47,  0,   0.896,  61.289,  17.025,   0.713,  34.917,   9.699,  15.000,  25.000,   0.000,  90.000,  90.000,    1,   0.000
16:20:31:698, 28067132343008,   62.130,   17.000,  900,   2.909, 284.215,  78.948,   0.820, 157.461,  43.739, 46,  0,   0.854,  61.370,  17.047,   0.634,  34.977,   9.716,  15.000,  25.000,   0.000,  90.000,  90.000,   31,   0.000
16:20:31:818, 28067421384980,   62.251,   15.000,  900,   3.540, 284.641,  79.067,   1.356, 157.625,  43.785, 46,  0,   0.868,  61.474,  17.076,   0.708,  35.063,   9.740,  15.000,  25.000,   0.000,  90.000,  90.000,   32,   0.000
16:20:31:930, 28067690300547,   62.363,    7.000, 2400,   3.908, 285.079,  79.189,   1.722, 157.818,  43.838, 47,  0,   0.878,  61.573,  17.104,   0.717,  35.143,   9.762,  15.000,  25.000,   0.000,  90.000,  90.000,    1,   0.000
16:20:32:035, 28067940932837,   62.467,   14.000, 1000,   2.934, 285.385,  79.274,   0.843, 157.906,  43.863, 46,  0,   0.847,  61.661,  17.128,   0.638,  35.210,   9.780,  15.000,  25.000,   0.000,  90.000,  90.000,   29,   0.000
16:20:32:156, 28068232416457,   62.589,   15.000, 1000,   3.623, 285.825,  79.396,   1.453, 158.082,  43.912, 46,  0,   0.862,  61.766,  17.157,   0.697,  35.294,   9.804,  15.000,  25.000,   0.000,  90.000,  90.000,   33,   0.000
16:20:32:267, 28068497715947,   62.699,   18.000, 1000,   3.553, 286.218,  79.505,   1.376, 158.234,  43.954, 46,  0,   0.860,  61.861,  17.184,   0.721,  35.374,   9.826,  15.000,  25.000,   0.000,  90.000,  90.000,   39,   0.000
16:20:32:373, 28068752440897,   62.805,   18.000, 2700,   5.302, 286.781,  79.661,   3.047, 158.558,  44.044, 47,  0,   0.959,  61.963,  17.212,   0.773,  35.456,   9.849,  15.000,  25.000,   0.000,  90.000,  90.000,   21,   3.072
16:20:32:485, 28069021449946,   62.917,   12.000, 1100,   3.282, 287.149,  79.763,   1.152, 158.687,  44.080, 46,  0,   0.860,  62.059,  17.239,   0.639,  35.528,   9.869,  15.000,  25.000,   0.000,  90.000,  90.000,   29,   0.000
16:20:32:589, 28069271446158,   63.021,   15.000, 1000,   4.139, 287.580,  79.883,   1.924, 158.887,  44.135, 46,  0,   0.895,  62.152,  17.265,   0.733,  35.604,   9.890,  15.000,  25.000,   0.000,  90.000,  90.000,   23,   0.000
16:20:32:702, 28069541642419,   63.134,    7.000, 1600,   3.067, 287.925,  79.979,   0.936, 158.993,  44.165, 46,  0,   0.847,  62.248,  17.291,   0.681,  35.681,   9.911,  15.000,  25.000,   0.000,  90.000,  90.000,    2,   0.000
16:20:32:821, 28069828509486,   63.254,    7.000, 1600,   2.914, 288.273,  80.076,   0.806, 159.089,  44.191, 45,  0,   0.879,  62.353,  17.320,   0.636,  35.757,   9.932,  15.000,  25.000,   0.000,  90.000,  90.000,    1,   0.000
16:20:32:918, 28070060450831,   63.350,    6.000, 1600,   2.918, 288.555,  80.154,   0.789, 159.165,  44.213, 45,  0,   0.845,  62.434,  17.343,   0.683,  35.823,   9.951,  15.000,  25.000,   0.000,  90.000,  90.000,    2,   0.000
16:20:33:029, 28070327613946,   63.462,    7.000, 1600,   3.007, 288.890,  80.247,   0.827, 159.257,  44.238, 45,  0,   0.876,  62.532,  17.370,   0.695,  35.900,   9.972,  15.000,  25.000,   0.000,  90.000,  90.000,    3,   0.031
16:20:33:159, 28070638697993,   63.591,    6.000, 1600,   2.904, 289.266,  80.352,   0.806, 159.362,  44.267, 45,  0,   0.849,  62.642,  17.400,   0.653,  35.985,   9.996,  15.000,  25.000,   0.000,  90.000,  90.000,    1,   0.000
16:20:33:268, 28070901293952,   63.701,    6.000, 1600,   2.898, 289.583,  80.440,   0.773, 159.446,  44.291, 45,  0,   0.859,  62.736,  17.427,   0.645,  36.055,  10.015,  15.000,  25.000,   0.000,  90.000,  90.000,    1,   0.000
16:20:33:375, 28071158657414,   63.808,   48.000, 2700,   5.857, 290.212,  80.614,   3.743, 159.848,  44.402, 48,  0,   1.245,  62.869,  17.464,   0.669,  36.127,  10.035,  15.000,  25.000,   0.000,  90.000,  90.000,   12,   1.432
16:20:33:488, 28071427513017,   63.920,   11.000, 1000,   3.155, 290.565,  80.712,   1.067, 159.967,  44.435, 46,  0,   0.892,  62.969,  17.491,   0.647,  36.200,  10.055,  15.000,  25.000,   0.000,  90.000,  90.000,    8,   0.311
16:20:33:594, 28071682569368,   64.026,   20.000, 1000,   3.146, 290.899,  80.805,   1.000, 160.074,  44.465, 46,  0,   0.922,  63.067,  17.519,   0.660,  36.270,  10.075,  15.000,  25.000,   0.000,  90.000,  90.000,   31,   0.719
16:20:33:704, 28071946563223,   64.136,   15.000, 1200,   3.644, 291.300,  80.917,   1.444, 160.232,  44.509, 46,  0,   0.856,  63.161,  17.545,   0.734,  36.350,  10.097,  15.000,  25.000,   0.000,  90.000,  90.000,   36,   0.000
16:20:33:809, 28072200094076,   64.242,    7.000, 1300,   3.810, 291.703,  81.029,   1.609, 160.402,  44.556, 46,  0,   0.872,  63.254,  17.570,   0.730,  36.428,  10.119,  15.000,  25.000,   0.000,  90.000,  90.000,    7,   0.000
16:20:33:922, 28072471422746,   64.355,   24.000, 2300,   3.455, 292.093,  81.137,   1.280, 160.547,  44.596, 46,  0,   0.997,  63.366,  17.602,   0.654,  36.502,  10.139,  15.000,  25.000,   0.000,  90.000,  90.000,    1,   0.000
16:20:34:041, 28072755752953,   64.473,   12.000, 1100,   3.022, 292.451,  81.236,   0.930, 160.657,  44.627, 45,  0,   0.844,  63.466,  17.630,   0.645,  36.578,  10.161,  15.000,  25.000,   0.000,  90.000,  90.000,   26,   0.000
16:20:34:135, 28072982039058,   64.568,    7.000, 1300,   4.037, 292.832,  81.342,   1.804, 160.827,  44.674, 46,  0,   0.880,  63.549,  17.653,   0.739,  36.648,  10.180,  15.000,  25.000,   0.000,  90.000,  90.000,    4,   0.000
16:20:34:257, 28073275526134,   64.690,   12.000, 1300,   2.859, 293.182,  81.439,   0.765, 160.921,  44.700, 45,  0,   0.855,  63.654,  17.682,   0.644,  36.726,  10.202,  15.000,  25.000,   0.000,  90.000,  90.000,   20,   0.000
16:20:34:364, 28073530307948,   64.796,   20.000, 1300,   4.767, 293.688,  81.580,   2.630, 161.200,  44.778, 47,  0,   0.885,  63.748,  17.708,   0.756,  36.807,  10.224,  15.000,  25.000,   0.000,  90.000,  90.000,   43,   1.690
16:20:34:473, 28073792445335,   64.905,    4.000, 2300,   3.567, 294.077,  81.688,   1.466, 161.360,  44.822, 46,  0,   0.834,  63.839,  17.733,   0.713,  36.884,  10.246,  15.000,  25.000,   0.000,  90.000,  90.000,    2,   0.000
16:20:34:579, 28074048503013,   65.012,   20.000, 1100,   3.327, 294.432,  81.787,   1.198, 161.488,  44.858, 46,  0,   0.895,  63.934,  17.760,   0.642,  36.953,  10.265,  15.000,  25.000,   0.000,  90.000,  90.000,   23,   0.000
16:20:34:689, 28074312097764,   65.122,   11.000, 1100,   3.573, 294.825,  81.896,   1.379, 161.639,  44.900, 46,  0,   0.888,  64.032,  17.787,   0.701,  37.030,  10.286,  15.000,  25.000,   0.000,  90.000,  90.000,   20,   0.000
16:20:34:796, 28074567446856,   65.228,   10.000,  800,   2.708, 295.113,  81.976,   0.763, 161.721,  44.922, 46,  0,   0.766,  64.113,  17.809,   0.689,  37.103,  10.306,  15.000,  25.000,   0.000,  90.000,  90.000,   32,   0.000
16:20:34:908, 28074837800886,   65.341,   28.000, 1300,   3.146, 295.467,  82.074,   1.142, 161.849,  44.958, 46,  0,   0.811,  64.205,  17.835,   0.713,  37.184,  10.329,  15.000,  25.000,   0.000,  90.000,  90.000,   22,   0.005
16:20:35:020, 28075105665244,   65.452,    9.000,  800,   3.492, 295.857,  82.182,   1.416, 162.007,  45.002, 45,  0,   0.919,  64.307,  17.863,   0.682,  37.260,  10.350,  15.000,  25.000,   0.000,  90.000,  90.000,   15,   0.691
16:20:35:122, 28075351042442,   65.555,    9.000, 1400,   2.985, 296.162,  82.267,   0.892, 162.099,  45.027, 45,  0,   0.845,  64.394,  17.887,   0.663,  37.328,  10.369,  15.000,  25.000,   0.000,  90.000,  90.000,    5,   0.000
16:20:35:244, 28075642491628,   65.676,    9.000, 1400,   2.959, 296.521,  82.367,   0.864, 162.204,  45.057, 46,  0,   0.854,  64.497,  17.916,   0.640,  37.405,  10.390,  15.000,  25.000,   0.000,  90.000,  90.000,    2,   0.000
16:20:35:347, 28075889371354,   65.779,   75.000, 2700,   8.945, 297.442,  82.623,   6.596, 162.882,  45.245, 51,  0,   1.544,  64.656,  17.960,   0.669,  37.474,  10.409,  15.000,  25.000,   0.000,  90.000,  90.000,   13,   1.506
16:20:35:453, 28076143718550,   65.885,   38.000, 2300,   6.862, 298.169,  82.825,   4.571, 163.366,  45.380, 49,  0,   1.216,  64.785,  17.996,   0.648,  37.543,  10.429,  15.000,  25.000,   0.000,  90.000,  90.000,    1,   0.000
16:20:35:567, 28076417495099,   65.999,   17.000,  800,   2.759, 298.484,  82.912,   0.773, 163.455,  45.404, 46,  0,   0.817,  64.878,  18.022,   0.631,  37.615,  10.449,  15.000,  25.000,   0.000,  90.000,  90.000,    9,   0.000
16:20:35:691, 28076716646575,   66.124,   15.000,  900,   2.925, 298.848,  83.013,   0.878, 163.564,  45.434, 46,  0,   0.848,  64.984,  18.051,   0.661,  37.697,  10.471,  15.000,  25.000,   0.000,  90.000,  90.000,   27,   0.000
16:20:35:798, 28076973006350,   66.230,   20.000,  900,   3.320, 299.203,  83.112,   1.231, 163.696,  45.471, 46,  0,   0.858,  65.076,  18.077,   0.730,  37.775,  10.493,  15.000,  25.000,   0.000,  90.000,  90.000,   22,   0.000
16:20:35:908, 28077237006647,   66.340,    8.000, 1600,   3.047, 299.538,  83.205,   0.944, 163.799,  45.500, 46,  0,   0.846,  65.169,  18.102,   0.675,  37.849,  10.514,  15.000,  25.000,   0.000,  90.000,  90.000,    2,   0.000
16:20:36:025, 28077518096396,   66.458,   47.000, 2700,   5.545, 300.187,  83.385,   3.409, 164.199,  45.611, 48,  0,   1.309,  65.322,  18.145,   0.667,  37.927,  10.535,  15.000,  25.000,   0.000,  90.000,  90.000,    7,   1.061
16:20:36:123, 28077754132392,   66.556,   13.000,  900,   2.804, 300.463,  83.462,   0.799, 164.277,  45.633, 46,  0,   0.817,  65.402,  18.167,   0.642,  37.991,  10.553,  15.000,  25.000,   0.000,  90.000,  90.000,   18,   0.000
16:20:36:231, 28078011273890,   66.663,    6.000, 2300,   3.301, 300.817,  83.560,   1.156, 164.401,  45.667, 46,  0,   0.861,  65.495,  18.193,   0.683,  38.064,  10.573,  15.000,  25.000,   0.000,  90.000,  90.000,    1,   0.000
16:20:36:342, 28078277066844,   66.774,   27.000, 2700,   4.800, 301.348,  83.708,   2.628, 164.692,  45.748, 48,  0,   0.944,  65.599,  18.222,   0.682,  38.139,  10.594,  15.000,  25.000,   0.000,  90.000,  90.000,   15,   2.017
16:20:36:460, 28078561703958,   66.892,   13.000, 2300,   4.017, 301.825,  83.840,   1.878, 164.915,  45.810, 47,  0,   0.935,  65.710,  18.253,   0.639,  38.215,  10.615,  15.000,  25.000,   0.000,  90.000,  90.000,    3,   0.119
16:20:36:569, 28078822084942,   67.001,   12.000,  900,   3.045, 302.155,  83.932,   1.041, 165.028,  45.841, 46,  0,   0.821,  65.799,  18.278,   0.637,  38.284,  10.634,  15.000,  25.000,   0.000,  90.000,  90.000,   16,   0.000
16:20:36:694, 28079121779579,   67.126,    8.000,  800,   3.166, 302.551,  84.042,   1.228, 165.181,  45.884, 46,  0,   0.787,  65.897,  18.305,   0.663,  38.367,  10.658,  15.000,  25.000,   0.000,  90.000,  90.000,   17,   0.000
16:20:36:800, 28079377939511,   67.232,   14.000,  800,   2.701, 302.839,  84.122,   0.731, 165.259,  45.905, 45,  0,   0.783,  65.981,  18.328,   0.678,  38.439,  10.678,  15.000,  25.000,   0.000,  90.000,  90.000,   32,   0.000
16:20:36:910, 28079642162172,   67.343,   13.000,  900,   3.196, 303.191,  84.220,   1.139, 165.385,  45.940, 46,  0,   0.826,  66.072,  18.353,   0.700,  38.516,  10.699,  15.000,  25.000,   0.000,  90.000,  90.000,   23,   0.000
16:20:37:017, 28079897900836,   67.449,    5.000, 2300,   3.215, 303.533,  84.315,   1.096, 165.501,  45.973, 46,  0,   0.854,  66.163,  18.379,   0.674,  38.588,  10.719,  15.000,  25.000,   0.000,  90.000,  90.000,    1,   0.000
16:20:37:127, 28080161143335,   67.559,    5.000, 2300,   3.244, 303.889,  84.414,   1.143, 165.627,  46.007, 46,  0,   0.851,  66.256,  18.404,   0.637,  38.658,  10.738,  15.000,  25.000,   0.000,  90.000,  90.000,    1,   0.000
16:20:37:233, 28080416305943,   67.665,    4.000, 2300,   3.227, 304.232,  84.509,   1.137, 165.748,  46.041, 46,  0,   0.843,  66.346,  18.429,   0.647,  38.727,  10.757,  15.000,  25.000,   0.000,  90.000,  90.000,    1,   0.000
16:20:37:345, 28080685972425,   67.778,   74.000, 2700,   7.714, 305.099,  84.750,   5.370, 166.351,  46.209, 51,  0,   1.360,  66.499,  18.472,   0.693,  38.805,  10.779,  15.000,  25.000,   0.000,  90.000,  90.000,   10,   1.099
16:20:37:454, 28080947567793,   67.887,   91.000, 2700,  10.747, 306.270,  85.075,   8.237, 167.249,  46.458, 53,  0,   1.866,  66.702,  18.528,   0.695,  38.880,  10.800,  15.000,  25.000,   0.000,  90.000,  90.000,    4,   0.225
16:20:37:571, 28081227926200,   68.003,   43.000, 2300,   7.405, 307.135,  85.315,   5.104, 167.845,  46.624, 50,  0,   1.263,  66.850,  18.569,   0.672,  38.959,  10.822,  15.000,  25.000,   0.000,  90.000,  90.000,    2,   0.000
16:20:37:669, 28081463984782,   68.102,    8.000, 2300,   3.765, 307.506,  85.418,   1.643, 168.007,  46.668, 48,  0,   0.895,  66.938,  18.594,   0.665,  39.024,  10.840,  15.000,  25.000,   0.000,  90.000,  90.000,    2,   0.000
16:20:37:787, 28081746837499,   68.220,    5.000, 2300,   3.476, 307.915,  85.532,   1.352, 168.166,  46.713, 47,  0,   0.857,  67.039,  18.622,   0.642,  39.100,  10.861,  15.000,  25.000,   0.000,  90.000,  90.000,    1,   0.000
16:20:37:897, 28082009902633,   68.329,    5.000, 2300,   3.216, 308.268,  85.630,   1.148, 168.292,  46.748, 46,  0,   0.845,  67.131,  18.648,   0.631,  39.169,  10.880,  15.000,  25.000,   0.000,  90.000,  90.000,    1,   0.000
16:20:38:004, 28082267503950,   68.436,   22.000, 2300,   4.944, 308.798,  85.777,   2.730, 168.585,  46.829, 47,  0,   1.109,  67.250,  18.681,   0.653,  39.239,  10.900,  15.000,  25.000,   0.000,  90.000,  90.000,    6,   0.911
16:20:38:114, 28082531539844,   68.546,   14.000, 1100,   3.052, 309.134,  85.871,   0.932, 168.687,  46.858, 46,  0,   0.858,  67.345,  18.707,   0.654,  39.311,  10.920,  15.000,  25.000,   0.000,  90.000,  90.000,   35,   0.000
16:20:38:223, 28082793299290,   68.656,   20.000, 1100,   4.124, 309.584,  85.996,   1.892, 168.894,  46.915, 46,  0,   0.875,  67.440,  18.733,   0.760,  39.394,  10.943,  15.000,  25.000,   0.000,  90.000,  90.000,   52,   0.000
16:20:38:357, 28083127335368,   68.795,   40.000, 2700,   4.324, 310.186,  86.163,   2.104, 169.186,  46.996, 47,  0,   0.944,  67.572,  18.770,   0.747,  39.498,  10.972,  15.000,  25.000,   0.000,  90.000,  90.000,   11,   1.163
16:20:38:454, 28083346083072,   68.886,   39.000, 2700,   6.705, 310.797,  86.333,   4.586, 169.604,  47.112, 48,  0,   1.265,  67.687,  18.802,   0.643,  39.557,  10.988,  15.000,  25.000,   0.000,  90.000,  90.000,    4,   0.246
16:20:38:569, 28083623750384,   69.002,   16.000,  800,   2.914, 311.134,  86.426,   0.916, 169.710,  47.142, 47,  0,   0.849,  67.785,  18.829,   0.674,  39.635,  11.010,  15.000,  25.000,   0.000,  90.000,  90.000,   31,   0.658
16:20:38:679, 28083888421739,   69.112,   18.000, 1000,   3.514, 311.522,  86.534,   1.340, 169.858,  47.183, 46,  0,   0.905,  67.885,  18.857,   0.721,  39.714,  11.032,  15.000,  25.000,   0.000,  90.000,  90.000,   40,   0.000
16:20:38:789, 28084151681862,   69.222,    6.000, 2700,   3.925, 311.952,  86.653,   1.710, 170.046,  47.235, 46,  0,   0.887,  67.982,  18.884,   0.728,  39.794,  11.054,  15.000,  25.000,   0.000,  90.000,  90.000,    2,   0.000
16:20:38:909, 28084440464611,   69.342,   19.000, 1000,   3.086, 312.324,  86.757,   0.992, 170.165,  47.268, 46,  0,   0.872,  68.087,  18.913,   0.631,  39.870,  11.075,  15.000,  25.000,   0.000,  90.000,  90.000,   26,   0.000
16:20:39:021, 28084707364566,   69.453,   19.000, 1000,   3.649, 312.729,  86.869,   1.459, 170.327,  47.313, 46,  0,   0.873,  68.184,  18.940,   0.728,  39.951,  11.097,  15.000,  25.000,   0.000,  90.000,  90.000,   47,   0.000
16:20:39:132, 28084975403135,   69.565,   14.000,  900,   3.517, 313.122,  86.978,   1.391, 170.483,  47.356, 45,  0,   0.819,  68.276,  18.965,   0.762,  40.036,  11.121,  15.000,  25.000,   0.000,  90.000,  90.000,   36,   0.000
16:20:39:237, 28085225309915,   69.669,   14.000,  800,   3.219, 313.457,  87.072,   1.150, 170.603,  47.390, 46,  0,   0.807,  68.360,  18.989,   0.698,  40.108,  11.141,  15.000,  25.000,   0.000,  90.000,  90.000,   47,   0.000
16:20:39:349, 28085494439094,   69.781,   26.000, 2700,   5.218, 314.043,  87.234,   3.022, 170.941,  47.484, 47,  0,   0.921,  68.463,  19.017,   0.778,  40.196,  11.165,  15.000,  25.000,   0.000,  90.000,  90.000,   23,   2.964
16:20:39:460, 28085760487061,   69.892,   18.000, 2700,   4.470, 314.538,  87.372,   2.303, 171.197,  47.555, 47,  0,   1.000,  68.574,  19.048,   0.657,  40.268,  11.186,  15.000,  25.000,   0.000,  90.000,  90.000,    3,   0.157
16:20:39:574, 28086035651424,   70.007,   16.000, 1200,   3.074, 314.891,  87.470,   0.968, 171.308,  47.585, 46,  0,   0.859,  68.672,  19.076,   0.635,  40.341,  11.206,  15.000,  25.000,   0.000,  90.000,  90.000,   27,   0.000
16:20:39:702, 28086342306725,   70.134,   13.000,  900,   3.303, 315.313,  87.587,   1.190, 171.460,  47.628, 46,  0,   0.840,  68.780,  19.105,   0.708,  40.432,  11.231,  15.000,  25.000,   0.000,  90.000,  90.000,   31,   0.000
16:20:39:807, 28086594136276,   70.239,   17.000,  900,   3.330, 315.662,  87.684,   1.249, 171.591,  47.664, 46,  0,   0.824,  68.866,  19.129,   0.717,  40.507,  11.252,  15.000,  25.000,   0.000,  90.000,  90.000,   49,   0.000
16:20:39:917, 28086857651726,   70.349,   27.000, 2700,   5.100, 316.222,  87.839,   2.819, 171.900,  47.750, 48,  0,   1.018,  68.978,  19.161,   0.767,  40.591,  11.275,  15.000,  25.000,   0.000,  90.000,  90.000,    9,   1.171
16:20:40:030, 28087130170130,   70.463,   68.000, 2700,   9.479, 317.298,  88.138,   7.150, 172.712,  47.976, 54,  0,   1.590,  69.158,  19.211,   0.636,  40.663,  11.295,  15.000,  25.000,   0.000,  90.000,  90.000,    2,   0.000
16:20:40:139, 28087390612652,   70.571,   49.000, 2700,   8.937, 318.268,  88.408,   6.582, 173.427,  48.174, 51,  0,   1.543,  69.326,  19.257,   0.639,  40.733,  11.315,  15.000,  25.000,   0.000,  90.000,  90.000,    4,   0.399
16:20:40:255, 28087668870934,   70.687,    5.000, 2300,   3.414, 318.664,  88.518,   1.292, 173.576,  48.216, 47,  0,   0.860,  69.426,  19.285,   0.653,  40.808,  11.336,  15.000,  25.000,   0.000,  90.000,  90.000,    1,   0.000
16:20:40:377, 28087961034960,   70.809,   23.000, 2700,   4.367, 319.195,  88.665,   2.187, 173.843,  48.290, 48,  0,   0.938,  69.540,  19.317,   0.677,  40.891,  11.359,  15.000,  25.000,   0.000,  90.000,  90.000,   11,   1.072
16:20:40:483, 28088216103556,   70.915,   13.000, 1100,   3.040, 319.519,  88.755,   0.939, 173.942,  48.317, 47,  0,   0.854,  69.630,  19.342,   0.650,  40.960,  11.378,  15.000,  25.000,   0.000,  90.000,  90.000,   22,   0.000
16:20:40:594, 28088482848264,   71.026,   20.000, 1100,   3.827, 319.944,  88.873,   1.632, 174.124,  48.368, 46,  0,   0.956,  69.737,  19.371,   0.702,  41.038,  11.399,  15.000,  25.000,   0.000,  90.000,  90.000,   32,   0.000
16:20:40:704, 28088747723710,   71.137,   11.000, 1300,   3.664, 320.348,  88.986,   1.463, 174.285,  48.413, 46,  0,   0.861,  69.832,  19.398,   0.715,  41.117,  11.421,  15.000,  25.000,   0.000,  90.000,  90.000,   23,   0.000
16:20:40:819, 28089022171993,   71.251,   52.000, 2700,   4.421, 320.854,  89.126,   2.298, 174.548,  48.486, 48,  0,   1.197,  69.969,  19.436,   0.687,  41.196,  11.443,  15.000,  25.000,   0.000,  90.000,  90.000,    2,   0.000
16:20:40:921, 28089268647180,   71.354,   14.000,  900,   2.857, 321.147,  89.208,   0.898, 174.640,  48.511, 46,  0,   0.803,  70.051,  19.459,   0.636,  41.261,  11.461,  15.000,  25.000,   0.000,  90.000,  90.000,   29,   0.000
16:20:41:026, 28089519290083,   71.458,    7.000, 1300,   3.600, 321.523,  89.312,   1.423, 174.789,  48.552, 46,  0,   0.860,  70.141,  19.484,   0.721,  41.336,  11.482,  15.000,  25.000,   0.000,  90.000,  90.000,    7,   0.000
16:20:41:136, 28089785017400,   71.569,   11.000, 1300,   3.067, 321.863,  89.406,   0.926, 174.891,  48.581, 46,  0,   0.907,  70.241,  19.511,   0.658,  41.409,  11.502,  15.000,  25.000,   0.000,  90.000,  90.000,    7,   0.355
16:20:41:257, 28090073155942,   71.689,   14.000, 1300,   2.999, 322.223,  89.506,   0.870, 174.996,  48.610, 46,  0,   0.875,  70.346,  19.541,   0.662,  41.488,  11.525,  15.000,  25.000,   0.000,  90.000,  90.000,   30,   0.655
16:20:41:379, 28090366573071,   71.811,   18.000, 2700,   5.182, 322.856,  89.682,   2.944, 175.356,  48.710, 47,  0,   0.941,  70.461,  19.573,   0.746,  41.580,  11.550,  15.000,  25.000,   0.000,  90.000,  90.000,   18,   2.426
16:20:41:489, 28090630814953,   71.921,    6.000, 2300,   3.434, 323.234,  89.787,   1.342, 175.504,  48.751, 46,  0,   0.868,  70.557,  19.599,   0.634,  41.649,  11.569,  15.000,  25.000,   0.000,  90.000,  90.000,    1,   0.000
16:20:41:596, 28090887188950,   72.028,    8.000, 2300,   3.556, 323.614,  89.893,   1.464, 175.660,  48.794, 47,  0,   0.888,  70.652,  19.626,   0.629,  41.717,  11.588,  15.000,  25.000,   0.000,  90.000,  90.000,    1,   0.000
16:20:41:706, 28091151225200,   72.138,    7.000, 2300,   3.523, 324.002,  90.000,   1.414, 175.815,  48.838, 46,  0,   0.875,  70.748,  19.652,   0.635,  41.786,  11.607,  15.000,  25.000,   0.000,  90.000,  90.000,    1,   0.000
16:20:41:812, 28091405900876,   72.244,    6.000, 2300,   3.346, 324.357,  90.099,   1.237, 175.947,  48.874, 46,  0,   0.882,  70.842,  19.678,   0.631,  41.853,  11.626,  15.000,  25.000,   0.000,  90.000,  90.000,    1,   0.000
16:20:41:923, 28091672144099,   72.355,    6.000, 2300,   3.360, 324.730,  90.203,   1.267, 176.087,  48.913, 46,  0,   0.859,  70.937,  19.705,   0.629,  41.923,  11.645,  15.000,  25.000,   0.000,  90.000,  90.000,    1,   0.000
16:20:42:028, 28091923540366,   72.460,    5.000, 2300,   3.238, 325.069,  90.297,   1.147, 176.207,  48.947, 45,  0,   0.852,  71.026,  19.730,   0.630,  41.989,  11.664,  15.000,  25.000,   0.000,  90.000,  90.000,    1,   0.000
16:20:42:138, 28092189473208,   72.571,    5.000, 2300,   3.263, 325.430,  90.397,   1.170, 176.337,  48.983, 46,  0,   0.855,  71.121,  19.756,   0.625,  42.059,  11.683,  15.000,  25.000,   0.000,  90.000,  90.000,    1,   0.000
16:20:42:259, 28092479663775,   72.692,    5.000, 2300,   3.188, 325.816,  90.504,   1.107, 176.471,  49.020, 46,  0,   0.843,  71.223,  19.784,   0.625,  42.134,  11.704,  15.000,  25.000,   0.000,  90.000,  90.000,    1,   0.000
16:20:42:354, 28092708320426,   72.787,   26.000, 2700,   5.105, 326.302,  90.639,   2.976, 176.755,  49.098, 47,  0,   0.949,  71.314,  19.809,   0.644,  42.195,  11.721,  15.000,  25.000,   0.000,  90.000,  90.000,    9,   1.120
16:20:42:475, 28092998342279,   72.908,    7.000,  800,   2.658, 326.623,  90.729,   0.732, 176.843,  49.123, 45,  0,   0.779,  71.408,  19.835,   0.641,  42.273,  11.743,  15.000,  25.000,   0.000,  90.000,  90.000,    5,   0.255
16:20:42:582, 28093253955542,   73.014,   23.000,  900,   2.873, 326.929,  90.814,   0.848, 176.933,  49.148, 45,  0,   0.915,  71.505,  19.863,   0.626,  42.340,  11.761,  15.000,  25.000,   0.000,  90.000,  90.000,   29,   0.000
16:20:42:691, 28093516485659,   73.124,   17.000,  900,   3.411, 327.302,  90.917,   1.341, 177.080,  49.189, 46,  0,   0.850,  71.598,  19.888,   0.696,  42.416,  11.782,  15.000,  25.000,   0.000,  90.000,  90.000,   37,   0.000
16:20:42:798, 28093773021435,   73.230,   11.000, 1300,   3.645, 327.692,  91.026,   1.463, 177.236,  49.232, 46,  0,   0.871,  71.691,  19.914,   0.713,  42.492,  11.803,  15.000,  25.000,   0.000,  90.000,  90.000,   16,   0.000
16:20:42:908, 28094035953878,   73.340,   15.000, 1300,   3.022, 328.023,  91.118,   0.930, 177.338,  49.261, 46,  0,   0.844,  71.784,  19.940,   0.651,  42.563,  11.823,  15.000,  25.000,   0.000,  90.000,  90.000,   31,   0.000
16:20:43:015, 28094293169746,   73.447,   11.000, 1300,   3.932, 328.445,  91.235,   1.758, 177.527,  49.313, 46,  0,   0.880,  71.878,  19.966,   0.700,  42.638,  11.844,  15.000,  25.000,   0.000,  90.000,  90.000,   13,   0.000
16:20:43:120, 28094546507634,   73.553,   40.000, 2300,   3.743, 328.840,  91.344,   1.597, 177.695,  49.360, 46,  0,   1.130,  71.997,  19.999,   0.648,  42.707,  11.863,  15.000,  25.000,   0.000,  90.000,  90.000,    3,   0.000
16:20:43:231, 28094812434518,   73.664,    6.000, 2300,   3.768, 329.257,  91.460,   1.693, 177.883,  49.412, 46,  0,   0.924,  72.100,  20.028,   0.652,  42.779,  11.883,  15.000,  25.000,   0.000,  90.000,  90.000,    8,   1.038
16:20:43:385, 28095180240010,   73.817,   37.000, 2300,   3.247, 329.755,  91.599,   1.241, 178.073,  49.465, 47,  0,   0.875,  72.234,  20.065,   0.652,  42.879,  11.911,  15.000,  25.000,   0.000,  90.000,  90.000,   10,   1.336
16:20:43:447, 28095330849572,   73.880,    6.000, 2700,   3.786, 329.993,  91.665,   1.650, 178.177,  49.494, 47,  0,   0.880,  72.289,  20.080,   0.639,  42.919,  11.922,  15.000,  25.000,   0.000,  90.000,  90.000,    7,   0.514
16:20:43:557, 28095594926778,   73.990,    5.000, 2300,   3.317, 330.357,  91.766,   1.231, 178.312,  49.531, 46,  0,   0.855,  72.383,  20.106,   0.629,  42.988,  11.941,  15.000,  25.000,   0.000,  90.000,  90.000,    1,   0.000
16:20:43:679, 28095887952100,   74.112,   10.000,  800,   2.793, 330.699,  91.861,   0.867, 178.418,  49.561, 45,  0,   0.788,  72.479,  20.133,   0.629,  43.065,  11.963,  15.000,  25.000,   0.000,  90.000,  90.000,   25,   0.000
16:20:43:785, 28096141676398,   74.217,    2.000, 2300,   3.204, 331.037,  91.955,   1.214, 178.546,  49.596, 46,  0,   0.775,  72.561,  20.156,   0.708,  43.140,  11.983,  15.000,  25.000,   0.000,  90.000,  90.000,    2,   0.000
16:20:43:895, 28096404440872,   74.327,   20.000,  900,   2.771, 331.341,  92.039,   0.816, 178.636,  49.621, 45,  0,   0.821,  72.651,  20.181,   0.627,  43.209,  12.002,  15.000,  25.000,   0.000,  90.000,  90.000,   29,   0.000
16:20:44:002, 28096662519876,   74.434,    6.000, 2300,   3.494, 331.716,  92.143,   1.295, 178.775,  49.660, 46,  0,   0.876,  72.745,  20.207,   0.708,  43.285,  12.024,  15.000,  25.000,   0.000,  90.000,  90.000,    2,   0.000
16:20:44:113, 28096928578418,   74.545,    5.000, 2300,   3.180, 332.069,  92.241,   1.136, 178.901,  49.695, 45,  0,   0.837,  72.838,  20.233,   0.619,  43.354,  12.043,  15.000,  25.000,   0.000,  90.000,  90.000,    1,   0.000
16:20:44:218, 28097179546648,   74.650,    5.000, 2300,   3.248, 332.409,  92.336,   1.148, 179.021,  49.728, 46,  0,   0.853,  72.927,  20.258,   0.624,  43.419,  12.061,  15.000,  25.000,   0.000,  90.000,  90.000,    1,   0.000
16:20:44:345, 28097492060972,   74.780,   32.000, 2800,   4.399, 332.981,  92.495,   2.329, 179.324,  49.812, 50,  0,   0.910,  73.046,  20.290,   0.638,  43.502,  12.084,  15.000,  25.000,   0.000,  90.000,  90.000,    5,   0.685
16:20:44:434, 28097697958508,   74.866,    7.000, 2300,   3.763, 333.304,  92.584,   1.589, 179.460,  49.850, 46,  0,   0.896,  73.123,  20.312,   0.645,  43.557,  12.099,  15.000,  25.000,   0.000,  90.000,  90.000,    8,   0.619
16:20:44:546, 28097966734040,   74.978,    5.000, 2300,   3.309, 333.675,  92.687,   1.219, 179.597,  49.888, 46,  0,   0.858,  73.219,  20.339,   0.626,  43.627,  12.119,  15.000,  25.000,   0.000,  90.000,  90.000,    1,   0.000
16:20:44:665, 28098254552258,   75.098,    6.000, 2300,   3.449, 334.088,  92.802,   1.351, 179.759,  49.933, 46,  0,   0.871,  73.323,  20.368,   0.626,  43.702,  12.140,  15.000,  25.000,   0.000,  90.000,  90.000,    1,   0.000
16:20:44:761, 28098484741526,   75.194,    5.000, 2300,   3.235, 334.399,  92.889,   1.141, 179.868,  49.963, 46,  0,   0.846,  73.404,  20.390,   0.636,  43.763,  12.157,  15.000,  25.000,   0.000,  90.000,  90.000,    1,   0.000
16:20:44:881, 28098771965618,   75.313,    4.000, 2300,   3.219, 334.784,  92.996,   1.127, 180.003,  50.001, 46,  0,   0.849,  73.506,  20.418,   0.627,  43.838,  12.177,  15.000,  25.000,   0.000,  90.000,  90.000,    1,   0.000
16:20:44:988, 28099028414791,   75.420,   21.000, 1200,   4.237, 335.237,  93.121,   2.101, 180.228,  50.063, 46,  0,   1.015,  73.615,  20.448,   0.640,  43.907,  12.196,  15.000,  25.000,   0.000,  90.000,  90.000,   42,   0.418
16:20:45:097, 28099291456275,   75.530,   19.000, 1000,   3.876, 335.661,  93.239,   1.624, 180.406,  50.113, 46,  0,   0.867,  73.710,  20.475,   0.745,  43.988,  12.219,  15.000,  25.000,   0.000,  90.000,  90.000,   44,   0.000
16:20:45:204, 28099546652067,   75.636,   28.000, 1100,   3.730, 336.058,  93.349,   1.513, 180.567,  50.157, 46,  0,   0.869,  73.802,  20.501,   0.720,  44.065,  12.240,  15.000,  25.000,   0.000,  90.000,  90.000,   50,   0.000
16:20:45:368, 28099941716056,   75.801,   92.000, 2700,   8.236, 337.414,  93.726,   5.876, 181.534,  50.426, 53,  0,   1.364,  74.026,  20.563,   0.717,  44.183,  12.273,  15.000,  25.000,   0.000,  90.000,  90.000,    7,   0.913
16:20:45:424, 28100075252135,   75.856,   46.000, 2300,   7.656, 337.840,  93.844,   5.272, 181.827,  50.508, 51,  0,   1.358,  74.102,  20.584,   0.658,  44.220,  12.283,  15.000,  25.000,   0.000,  90.000,  90.000,   12,   0.841
16:20:45:537, 28100345920407,   75.969,   32.000, 1600,   3.717, 338.259,  93.961,   1.667, 182.015,  50.560, 48,  0,   1.057,  74.221,  20.617,   0.634,  44.291,  12.303,  15.000,  25.000,   0.000,  90.000,  90.000,    5,   0.000
16:20:45:643, 28100601131071,   76.075,    7.000, 2300,   3.874, 338.671,  94.075,   1.828, 182.210,  50.614, 46,  0,   0.902,  74.317,  20.644,   0.639,  44.359,  12.322,  15.000,  25.000,   0.000,  90.000,  90.000,    1,   0.000
16:20:45:748, 28100852899200,   76.180,   17.000,  900,   3.120, 338.998,  94.166,   0.988, 182.313,  50.643, 46,  0,   0.937,  74.415,  20.671,   0.641,  44.426,  12.341,  15.000,  25.000,   0.000,  90.000,  90.000,   26,   0.793
16:20:45:867, 28101138813512,   76.300,   13.000, 1200,   3.207, 339.380,  94.272,   1.068, 182.440,  50.678, 46,  0,   0.873,  74.519,  20.700,   0.674,  44.507,  12.363,  15.000,  25.000,   0.000,  90.000,  90.000,   31,   0.000
16:20:45:964, 28101371957348,   76.397,   15.000, 1200,   3.855, 339.755,  94.376,   1.693, 182.605,  50.724, 47,  0,   0.860,  74.603,  20.723,   0.710,  44.576,  12.382,  15.000,  25.000,   0.000,  90.000,  90.000,   36,   0.000
16:20:46:083, 28101657779345,   76.516,   13.000, 1100,   3.530, 340.175,  94.493,   1.399, 182.772,  50.770, 46,  0,   0.857,  74.705,  20.751,   0.678,  44.656,  12.405,  15.000,  25.000,   0.000,  90.000,  90.000,   33,   0.000
16:20:46:189, 28101911809742,   76.622,   13.000,  900,   3.695, 340.566,  94.602,   1.517, 182.932,  50.814, 46,  0,   0.861,  74.796,  20.777,   0.699,  44.730,  12.425,  15.000,  25.000,   0.000,  90.000,  90.000,   24,   0.000
16:20:46:299, 28102174299550,   76.731,   15.000, 1000,   3.062, 340.901,  94.695,   0.948, 183.036,  50.843, 46,  0,   0.856,  74.890,  20.803,   0.660,  44.803,  12.445,  15.000,  25.000,   0.000,  90.000,  90.000,   33,   0.000
16:20:46:406, 28102430461486,   76.838,   33.000, 2700,   6.011, 341.543,  94.873,   3.732, 183.434,  50.954, 48,  0,   1.033,  75.000,  20.833,   0.750,  44.883,  12.467,  15.000,  25.000,   0.000,  90.000,  90.000,   21,   2.956
16:20:46:517, 28102699041959,   76.950,    6.000, 2300,   3.391, 341.922,  94.978,   1.294, 183.579,  50.994, 46,  0,   0.868,  75.097,  20.860,   0.629,  44.953,  12.487,  15.000,  25.000,   0.000,  90.000,  90.000,    4,   0.129
16:20:46:630, 28102970805010,   77.063,   17.000,  900,   3.386, 342.306,  95.085,   1.279, 183.724,  51.034, 46,  0,   0.901,  75.199,  20.889,   0.628,  45.024,  12.507,  15.000,  25.000,   0.000,  90.000,  90.000,   27,   0.000
16:20:46:734, 28103220097735,   77.167,   16.000, 1200,   3.540, 342.673,  95.187,   1.381, 183.867,  51.074, 46,  0,   0.856,  75.288,  20.913,   0.699,  45.097,  12.527,  15.000,  25.000,   0.000,  90.000,  90.000,   46,   0.000
16:20:46:838, 28103468992507,   77.270,   17.000, 1200,   3.895, 343.077,  95.299,   1.683, 184.042,  51.123, 46,  0,   0.865,  75.378,  20.938,   0.729,  45.172,  12.548,  15.000,  25.000,   0.000,  90.000,  90.000,   43,   0.000
16:20:46:950, 28103738653064,   77.383,   15.000, 1200,   3.752, 343.499,  95.416,   1.591, 184.221,  51.172, 46,  0,   0.865,  75.475,  20.965,   0.700,  45.251,  12.570,  15.000,  25.000,   0.000,  90.000,  90.000,   43,   0.000
16:20:47:070, 28104024988060,   77.502,   17.000,  900,   3.611, 343.930,  95.536,   1.430, 184.391,  51.220, 46,  0,   0.860,  75.578,  20.994,   0.725,  45.338,  12.594,  15.000,  25.000,   0.000,  90.000,  90.000,   36,   0.000
16:20:47:166, 28104256840858,   77.599,   14.000,  900,   3.723, 344.289,  95.636,   1.525, 184.539,  51.261, 46,  0,   0.866,  75.661,  21.017,   0.715,  45.407,  12.613,  15.000,  25.000,   0.000,  90.000,  90.000,   35,   0.000
16:20:47:286, 28104542623718,   77.718,   16.000, 2300,   4.101, 344.778,  95.772,   1.949, 184.771,  51.325, 48,  0,   0.951,  75.775,  21.048,   0.672,  45.487,  12.635,  15.000,  25.000,   0.000,  90.000,  90.000,    2,   0.000
16:20:47:395, 28104809702954,   77.829,   91.000, 2700,  10.086, 345.900,  96.083,   7.737, 185.632,  51.564, 52,  0,   1.666,  75.960,  21.100,   0.653,  45.559,  12.655,  15.000,  25.000,   0.000,  90.000,  90.000,   12,   1.289
16:20:47:495, 28105045898227,   77.927,   77.000, 2700,  10.021, 346.886,  96.357,   7.719, 186.391,  51.775, 53,  0,   1.623,  76.120,  21.144,   0.632,  45.621,  12.673,  15.000,  25.000,   0.000,  90.000,  90.000,    5,   0.247
16:20:47:608, 28105316230615,   78.040,   21.000, 2300,   5.126, 347.464,  96.518,   3.076, 186.738,  51.872, 48,  0,   1.030,  76.236,  21.177,   0.626,  45.692,  12.692,  15.000,  25.000,   0.000,  90.000,  90.000,    1,   0.000
16:20:47:736, 28105624271780,   78.168,   11.000,  900,   2.422, 347.775,  96.604,   0.536, 186.807,  51.891, 46,  0,   0.754,  76.332,  21.203,   0.625,  45.772,  12.715,  15.000,  25.000,   0.000,  90.000,  90.000,   23,   0.000
16:20:47:840, 28105873927325,   78.272,   18.000,  900,   3.254, 348.113,  96.698,   1.164, 186.928,  51.924, 46,  0,   0.846,  76.420,  21.228,   0.709,  45.846,  12.735,  15.000,  25.000,   0.000,  90.000,  90.000,   48,   0.000
16:20:47:953, 28106143849368,   78.385,   70.000, 2300,   6.434, 348.837,  96.899,   4.187, 187.398,  52.055, 49,  0,   1.306,  76.567,  21.269,   0.739,  45.929,  12.758,  15.000,  25.000,   0.000,  90.000,  90.000,   10,   1.345
16:20:48:071, 28106428068814,   78.503,    5.000, 2300,   3.285, 349.226,  97.007,   1.233, 187.544,  52.096, 47,  0,   0.859,  76.669,  21.297,   0.627,  46.003,  12.779,  15.000,  25.000,   0.000,  90.000,  90.000,    2,   0.049
16:20:48:168, 28106661282584,   78.601,    5.000, 2300,   3.156, 349.532,  97.092,   1.080, 187.649,  52.125, 47,  0,   0.856,  76.752,  21.320,   0.620,  46.064,  12.795,  15.000,  25.000,   0.000,  90.000,  90.000,    1,   0.000
16:20:48:287, 28106946781880,   78.720,   11.000, 1000,   3.045, 349.895,  97.193,   0.921, 187.759,  52.155, 46,  0,   0.914,  76.861,  21.350,   0.639,  46.140,  12.817,  15.000,  25.000,   0.000,  90.000,  90.000,   20,   0.798
16:20:48:393, 28107200757576,   78.825,   19.000, 2700,   4.597, 350.381,  97.328,   2.484, 188.022,  52.228, 47,  0,   0.907,  76.957,  21.377,   0.690,  46.213,  12.837,  15.000,  25.000,   0.000,  90.000,  90.000,   16,   2.200
16:20:48:503, 28107465672257,   78.936,   22.000, 1100,   4.042, 350.827,  97.452,   1.933, 188.235,  52.288, 46,  0,   0.947,  77.061,  21.406,   0.625,  46.282,  12.856,  15.000,  25.000,   0.000,  90.000,  90.000,   40,   0.170
16:20:48:610, 28107722489080,   79.043,   20.000, 1200,   4.512, 351.310,  97.586,   2.272, 188.478,  52.355, 47,  0,   0.987,  77.167,  21.435,   0.740,  46.361,  12.878,  15.000,  25.000,   0.000,  90.000,  90.000,   46,   0.000
16:20:48:721, 28107988967979,   79.154,   11.000,  900,   3.490, 351.698,  97.694,   1.370, 188.630,  52.397, 46,  0,   0.836,  77.260,  21.461,   0.709,  46.440,  12.900,  15.000,  25.000,   0.000,  90.000,  90.000,   36,   0.000
16:20:48:826, 28108241027540,   79.259,    9.000,  800,   3.049, 352.018,  97.783,   1.081, 188.744,  52.429, 46,  0,   0.768,  77.340,  21.483,   0.709,  46.514,  12.921,  15.000,  25.000,   0.000,  90.000,  90.000,   23,   0.000
16:20:48:938, 28108509935980,   79.371,   18.000,  900,   3.016, 352.356,  97.877,   1.007, 188.857,  52.460, 46,  0,   0.829,  77.433,  21.509,   0.659,  46.588,  12.941,  15.000,  25.000,   0.000,  90.000,  90.000,   30,   0.000
16:20:49:043, 28108759869828,   79.475,   17.000, 1200,   3.552, 352.726,  97.979,   1.404, 189.003,  52.501, 46,  0,   0.857,  77.523,  21.534,   0.692,  46.660,  12.961,  15.000,  25.000,   0.000,  90.000,  90.000,   50,   0.000
16:20:49:154, 28109028237197,   79.587,   12.000, 1100,   3.905, 353.162,  98.101,   1.704, 189.193,  52.554, 46,  0,   0.859,  77.619,  21.561,   0.740,  46.743,  12.984,  15.000,  25.000,   0.000,  90.000,  90.000,   25,   0.000
16:20:49:274, 28109315844692,   79.707,    9.000, 1200,   3.366, 353.566,  98.213,   1.234, 189.341,  52.595, 46,  0,   0.857,  77.721,  21.589,   0.665,  46.822,  13.006,  15.000,  25.000,   0.000,  90.000,  90.000,   17,   0.000
16:20:49:370, 28109546432686,   79.803,   23.000, 2700,   5.231, 354.068,  98.352,   3.056, 189.635,  52.676, 48,  0,   0.931,  77.811,  21.614,   0.708,  46.890,  13.025,  15.000,  25.000,   0.000,  90.000,  90.000,   12,   1.547
16:20:49:483, 28109816557122,   79.915,   17.000, 2700,   4.252, 354.547,  98.485,   2.075, 189.868,  52.741, 47,  0,   0.991,  77.922,  21.645,   0.641,  46.963,  13.045,  15.000,  25.000,   0.000,  90.000,  90.000,    4,   0.236
16:20:49:596, 28110088662223,   80.029,    8.000, 2300,   3.530, 354.947,  98.596,   1.435, 190.031,  52.786, 46,  0,   0.888,  78.023,  21.673,   0.633,  47.034,  13.065,  15.000,  25.000,   0.000,  90.000,  90.000,    1,   0.000
16:20:49:708, 28110355896463,   80.140,    9.000, 2700,   3.743, 355.364,  98.712,   1.667, 190.217,  52.838, 47,  0,   0.856,  78.118,  21.700,   0.638,  47.105,  13.085,  15.000,  25.000,   0.000,  90.000,  90.000,    1,   0.000
16:20:49:813, 28110609907300,   80.246,   14.000, 1000,   2.971, 355.678,  98.799,   0.852, 190.307,  52.863, 46,  0,   0.862,  78.209,  21.725,   0.627,  47.172,  13.103,  15.000,  25.000,   0.000,  90.000,  90.000,   29,   0.000
16:20:49:935, 28110900434216,   80.367,   26.000, 2700,   4.996, 356.283,  98.967,   2.797, 190.646,  52.957, 48,  0,   1.034,  78.335,  21.760,   0.708,  47.258,  13.127,  15.000,  25.000,   0.000,  90.000,  90.000,    8,   0.756
16:20:50:044, 28111162623163,   80.476,   49.000, 2700,   9.324, 357.301,  99.250,   6.974, 191.408,  53.169, 51,  0,   1.589,  78.508,  21.808,   0.632,  47.327,  13.146,  15.000,  25.000,   0.000,  90.000,  90.000,    1,   0.000
16:20:50:153, 28111424892592,   80.585,   19.000, 2700,   5.698, 357.924,  99.423,   3.435, 191.783,  53.273, 48,  0,   1.120,  78.631,  21.842,   0.642,  47.397,  13.166,  15.000,  25.000,   0.000,  90.000,  90.000,    4,   0.385
16:20:50:267, 28111698236996,   80.699,   24.000, 2700,   4.758, 358.466,  99.574,   2.730, 192.094,  53.359, 48,  0,   1.106,  78.756,  21.877,   0.625,  47.468,  13.186,  15.000,  25.000,   0.000,  90.000,  90.000,    1,   0.000
16:20:50:379, 28111967561134,   80.812,   56.000, 2700,   6.355, 359.179,  99.772,   4.112, 192.555,  53.488, 50,  0,   1.269,  78.899,  21.916,   0.676,  47.544,  13.207,  15.000,  25.000,   0.000,  90.000,  90.000,   18,   2.722
16:20:50:483, 28112216191294,   80.915,    6.000, 2300,   3.579, 359.550,  99.875,   1.487, 192.709,  53.530, 47,  0,   0.890,  78.991,  21.942,   0.642,  47.610,  13.225,  15.000,  25.000,   0.000,  90.000,  90.000,    7,   0.529
16:20:50:599, 28112493635146,   81.031,    9.000, 2700,   3.678, 359.975,  99.993,   1.556, 192.889,  53.580, 47,  0,   0.948,  79.101,  21.972,   0.627,  47.683,  13.245,  15.000,  25.000,   0.000,  90.000,  90.000,    1,   0.000
16:20:50:709, 28112758324485,   81.141,   14.000, 1000,   3.144, 360.322, 100.089,   1.076, 193.008,  53.613, 46,  0,   0.848,  79.194,  21.998,   0.625,  47.752,  13.264,  15.000,  25.000,   0.000,  90.000,  90.000,   27,   0.000
16:20:50:814, 28113012297684,   81.247,   18.000, 1000,   3.793, 360.723, 100.201,   1.603, 193.178,  53.660, 46,  0,   0.892,  79.289,  22.025,   0.703,  47.826,  13.285,  15.000,  25.000,   0.000,  90.000,  90.000,   48,   0.000
16:20:50:927, 28113282401433,   81.359,   19.000, 1000,   3.781, 361.149, 100.319,   1.564, 193.354,  53.709, 46,  0,   0.864,  79.386,  22.052,   0.740,  47.909,  13.308,  15.000,  25.000,   0.000,  90.000,  90.000,   52,   0.000
16:20:51:032, 28113533781111,   81.464,   15.000, 1100,   3.754, 361.542, 100.428,   1.604, 193.521,  53.756, 46,  0,   0.836,  79.473,  22.076,   0.745,  47.987,  13.330,  15.000,  25.000,   0.000,  90.000,  90.000,   45,   0.000
16:20:51:144, 28113803106077,   81.576,   17.000,  900,   3.204, 361.901, 100.528,   1.180, 193.654,  53.793, 46,  0,   0.790,  79.562,  22.101,   0.707,  48.067,  13.352,  15.000,  25.000,   0.000,  90.000,  90.000,   40,   0.000
16:20:51:248, 28114051822046,   81.680,   15.000,  900,   3.845, 362.300, 100.639,   1.660, 193.826,  53.841, 46,  0,   0.872,  79.652,  22.126,   0.731,  48.142,  13.373,  15.000,  25.000,   0.000,  90.000,  90.000,   41,   0.000
16:20:51:360, 28114332188020,   81.797,   29.000, 2800,   4.385, 362.812, 100.781,   2.352, 194.101,  53.917, 49,  0,   0.838,  79.750,  22.153,   0.716,  48.226,  13.396,  15.000,  25.000,   0.000,  90.000,  90.000,    9,   0.983
16:20:51:464, 28114571181836,   81.896,   13.000,  800,   2.821, 363.093, 100.859,   0.844, 194.185,  53.940, 46,  0,   0.823,  79.832,  22.176,   0.637,  48.290,  13.414,  15.000,  25.000,   0.000,  90.000,  90.000,   19,   0.299
16:20:51:601, 28114899495658,   82.033,   24.000,  900,   3.023, 363.507, 100.974,   0.921, 194.311,  53.975, 45,  0,   0.872,  79.951,  22.209,   0.665,  48.381,  13.439,  15.000,  25.000,   0.000,  90.000,  90.000,   34,   0.094
16:20:51:710, 28115161511083,   82.142,    6.000, 2700,   4.030, 363.947, 101.096,   1.762, 194.503,  54.029, 46,  0,   0.941,  80.054,  22.237,   0.741,  48.461,  13.462,  15.000,  25.000,   0.000,  90.000,  90.000,    2,   0.000
16:20:51:817, 28115418266185,   82.249,   12.000, 1100,   3.115, 364.280, 101.189,   1.028, 194.613,  54.059, 45,  0,   0.851,  80.145,  22.263,   0.627,  48.529,  13.480,  15.000,  25.000,   0.000,  90.000,  90.000,   29,   0.000
16:20:51:930, 28115689254193,   82.362,   14.000, 1300,   3.710, 364.699, 101.305,   1.551, 194.788,  54.108, 46,  0,   0.865,  80.243,  22.290,   0.705,  48.608,  13.502,  15.000,  25.000,   0.000,  90.000,  90.000,   17,   0.000
16:20:52:034, 28115938673589,   82.466,   11.000,  900,   2.807, 364.991, 101.386,   0.815, 194.873,  54.131, 45,  0,   0.793,  80.326,  22.313,   0.658,  48.677,  13.521,  15.000,  25.000,   0.000,  90.000,  90.000,   19,   0.000
16:20:52:147, 28116209619407,   82.579,   21.000,  900,   3.147, 365.346, 101.485,   1.060, 194.993,  54.165, 46,  0,   0.847,  80.421,  22.339,   0.657,  48.751,  13.542,  15.000,  25.000,   0.000,  90.000,  90.000,   28,   0.000
16:20:52:250, 28116458644467,   82.683,   18.000,  800,   3.246, 365.683, 101.579,   1.199, 195.117,  54.199, 45,  0,   0.840,  80.508,  22.363,   0.698,  48.823,  13.562,  15.000,  25.000,   0.000,  90.000,  90.000,   49,   0.000
16:20:52:363, 28116727442129,   82.795,   27.000, 2700,   5.237, 366.269, 101.741,   3.120, 195.466,  54.296, 50,  0,   0.873,  80.606,  22.391,   0.751,  48.907,  13.585,  15.000,  25.000,   0.000,  90.000,  90.000,   10,   1.147
16:20:52:466, 28116975773462,   82.898,   29.000, 2700,   6.123, 366.903, 101.917,   4.075, 195.888,  54.413, 50,  0,   0.944,  80.704,  22.418,   0.633,  48.973,  13.604,  15.000,  25.000,   0.000,  90.000,  90.000,    4,   0.296
16:20:52:579, 28117246035509,   83.011,   40.000, 2700,   7.881, 367.790, 102.164,   5.700, 196.530,  54.592, 51,  0,   0.994,  80.816,  22.449,   0.630,  49.044,  13.623,  15.000,  25.000,   0.000,  90.000,  90.000,    4,   0.248
16:20:52:682, 28117495447708,   83.115,   32.000, 1000,   3.850, 368.190, 102.275,   1.709, 196.708,  54.641, 47,  0,   0.918,  80.911,  22.475,   0.628,  49.109,  13.641,  15.000,  25.000,   0.000,  90.000,  90.000,   26,   0.000
16:20:52:795, 28117765507780,   83.227,   82.000, 2700,   8.105, 369.102, 102.528,   5.821, 197.363,  54.823, 52,  0,   1.355,  81.064,  22.518,   0.701,  49.188,  13.663,  15.000,  25.000,   0.000,  90.000,  90.000,    2,   0.000
16:20:52:910, 28118042084528,   83.343,   66.000, 2700,   9.035, 370.144, 102.818,   6.877, 198.155,  55.043, 52,  0,   1.222,  81.204,  22.557,   0.644,  49.262,  13.684,  15.000,  25.000,   0.000,  90.000,  90.000,    7,   0.995
16:20:53:021, 28118306909059,   83.453,   46.000, 2700,   7.035, 370.920, 103.033,   4.923, 198.698,  55.194, 52,  0,   1.001,  81.315,  22.587,   0.626,  49.331,  13.703,  15.000,  25.000,   0.000,  90.000,  90.000,    1,   0.000
16:20:53:134, 28118577707910,   83.566,   66.000, 2700,   9.062, 371.943, 103.317,   6.834, 199.469,  55.408, 52,  0,   1.140,  81.444,  22.623,   0.625,  49.402,  13.723,  15.000,  25.000,   0.000,  90.000,  90.000,    2,   0.000
16:20:53:237, 28118825375651,   83.669,   21.000, 2300,   5.541, 372.514, 103.476,   3.388, 199.819,  55.505, 49,  0,   0.911,  81.538,  22.649,   0.630,  49.467,  13.741,  15.000,  25.000,   0.000,  90.000,  90.000,    2,   0.000
16:20:53:381, 28119180497080,   83.817,   97.000, 2700,   8.185, 373.726, 103.813,   5.979, 200.704,  55.751, 54,  0,   1.166,  81.710,  22.697,   0.648,  49.563,  13.767,  15.000,  25.000,   0.000,  90.000,  90.000,    7,   1.186
16:20:53:453, 28119343796642,   83.885,   64.000, 2700,   8.999, 374.338, 103.983,   6.744, 201.163,  55.878, 53,  0,   1.162,  81.789,  22.719,   0.639,  49.606,  13.779,  15.000,  25.000,   0.000,  90.000,  90.000,    8,   0.288
16:20:53:561, 28119604907458,   83.994,    7.000, 2300,   3.668, 374.737, 104.094,   1.529, 201.329,  55.925, 48,  0,   0.887,  81.886,  22.746,   0.629,  49.674,  13.798,  15.000,  25.000,   0.000,  90.000,  90.000,    4,   0.209
16:20:53:669, 28119863534340,   84.101,   42.000, 2700,   6.489, 375.436, 104.288,   4.333, 201.796,  56.054, 50,  0,   1.025,  81.996,  22.777,   0.626,  49.742,  13.817,  15.000,  25.000,   0.000,  90.000,  90.000,    2,   0.000
16:20:53:783, 28120135617230,   84.215,   76.000, 2700,   9.612, 376.526, 104.591,   7.416, 202.637,  56.288, 53,  0,   1.178,  82.130,  22.814,   0.626,  49.813,  13.837,  15.000,  25.000,   0.000,  90.000,  90.000,    1,   0.000
16:20:53:898, 28120412233732,   84.330,   16.000, 2500,   4.880, 377.088, 104.747,   2.729, 202.951,  56.375, 49,  0,   0.912,  82.235,  22.843,   0.623,  49.885,  13.857,  15.000,  25.000,   0.000,  90.000,  90.000,    1,   0.000
16:20:54:007, 28120674346318,   84.439,   25.000, 2700,   5.457, 377.684, 104.912,   3.338, 203.316,  56.477, 51,  0,   0.912,  82.334,  22.871,   0.624,  49.953,  13.876,  15.000,  25.000,   0.000,  90.000,  90.000,    2,   0.000
16:20:54:117, 28120939252366,   84.550,   61.000, 2700,   8.783, 378.654, 105.182,   6.610, 204.045,  56.679, 52,  0,   1.080,  82.454,  22.904,   0.622,  50.022,  13.895,  15.000,  25.000,   0.000,  90.000,  90.000,    2,   0.000
16:20:54:224, 28121194677955,   84.656,   42.000, 2700,   7.966, 379.502, 105.417,   5.839, 204.667,  56.852, 52,  0,   0.996,  82.560,  22.933,   0.628,  50.088,  13.913,  15.000,  25.000,   0.000,  90.000,  90.000,    1,   0.000
16:20:54:393, 28121617355794,   84.832,   62.000, 2700,   4.092, 380.222, 105.617,   1.953, 205.011,  56.947, 50,  0,   0.984,  82.733,  22.981,   0.635,  50.200,  13.945,  15.000,  25.000,   0.000,  90.000,  90.000,    5,   0.555
16:20:54:440, 28121713585179,   84.872,   45.000, 2700,   8.325, 380.556, 105.710,   5.883, 205.247,  57.013, 51,  0,   1.096,  82.777,  22.994,   0.655,  50.227,  13.952,  15.000,  25.000,   0.000,  90.000,  90.000,    9,   1.200
16:20:54:553, 28121984233426,   84.985,   63.000, 2700,   8.887, 381.558, 105.988,   6.715, 206.004,  57.223, 52,  0,   1.141,  82.905,  23.029,   0.637,  50.298,  13.972,  15.000,  25.000,   0.000,  90.000,  90.000,    4,   0.262
16:20:54:656, 28122232153460,   85.088,   38.000, 2300,   7.341, 382.316, 106.199,   5.269, 206.548,  57.374, 50,  0,   0.918,  83.000,  23.056,   0.627,  50.363,  13.990,  15.000,  25.000,   0.000,  90.000,  90.000,    1,   0.000
16:20:54:768, 28122501451324,   85.201,   24.000, 1000,   2.824, 382.633, 106.287,   0.898, 206.649,  57.402, 47,  0,   0.787,  83.088,  23.080,   0.638,  50.435,  14.010,  15.000,  25.000,   0.000,  90.000,  90.000,    8,   0.000
16:20:54:871, 28122748795633,   85.304,   79.000, 2700,   7.521, 383.408, 106.502,   5.374, 207.203,  57.556, 52,  0,   1.115,  83.203,  23.112,   0.657,  50.502,  14.028,  15.000,  25.000,   0.000,  90.000,  90.000,    2,   0.000
16:20:54:984, 28123018241976,   85.416,   46.000, 2700,   7.513, 384.252, 106.737,   5.267, 207.794,  57.721, 50,  0,   1.200,  83.338,  23.149,   0.643,  50.575,  14.048,  15.000,  25.000,   0.000,  90.000,  90.000,    5,   0.544
16:20:55:091, 28123275488038,   85.523,   60.000, 2700,   8.683, 385.183, 106.995,   6.605, 208.502,  57.917, 53,  0,   1.272,  83.474,  23.187,   0.628,  50.642,  14.067,  15.000,  25.000,   0.000,  90.000,  90.000,    1,   0.000
16:20:55:210, 28123561938907,   85.643,   25.000, 2300,   5.913, 385.888, 107.191,   3.751, 208.950,  58.042, 49,  0,   0.919,  83.584,  23.218,   0.631,  50.717,  14.088,  15.000,  25.000,   0.000,  90.000,  90.000,    1,   0.000
16:20:55:308, 28123797144512,   85.741,   35.000, 2300,   5.395, 386.417, 107.338,   3.191, 209.263,  58.128, 50,  0,   1.170,  83.699,  23.250,   0.631,  50.779,  14.105,  15.000,  25.000,   0.000,  90.000,  90.000,    3,   0.000
16:20:55:434, 28124099086556,   85.866,   99.000, 2700,  10.665, 387.759, 107.711,   8.244, 210.300,  58.417, 54,  0,   1.612,  83.901,  23.306,   0.672,  50.864,  14.129,  15.000,  25.000,   0.000,  90.000,  90.000,   21,   2.123
16:20:55:560, 28124400299266,   85.992,   46.000, 1000,   7.556, 388.707, 107.974,   5.301, 210.965,  58.601, 50,  0,   1.280,  84.062,  23.351,   0.655,  50.946,  14.152,  15.000,  25.000,   0.000,  90.000,  90.000,   30,   0.491
16:20:55:674, 28124675630966,   86.107,   28.000, 1000,   4.219, 389.191, 108.109,   1.998, 211.194,  58.665, 49,  0,   0.929,  84.169,  23.380,   0.714,  51.028,  14.174,  15.000,  25.000,   0.000,  90.000,  90.000,   14,   0.000
16:20:55:787, 28124946662792,   86.219,   42.000, 2700,   7.214, 390.006, 108.335,   5.044, 211.764,  58.823, 51,  0,   0.966,  84.278,  23.411,   0.653,  51.102,  14.195,  15.000,  25.000,   0.000,  90.000,  90.000,    2,   0.000
16:20:55:890, 28125194538817,   86.323,   48.000, 2700,   8.240, 390.857, 108.571,   6.086, 212.392,  58.998, 52,  0,   1.018,  84.383,  23.440,   0.636,  51.167,  14.213,  15.000,  25.000,   0.000,  90.000,  90.000,    2,   0.000
16:20:56:012, 28125486342693,   86.444,   44.000, 1100,   6.997, 391.708, 108.808,   4.832, 212.980,  59.161, 50,  0,   0.971,  84.501,  23.472,   0.623,  51.243,  14.234,  15.000,  25.000,   0.000,  90.000,  90.000,   24,   0.000
16:20:56:122, 28125750850701,   86.555,   41.000, 2700,   7.020, 392.481, 109.023,   4.810, 213.510,  59.308, 51,  0,   0.966,  84.607,  23.502,   0.708,  51.321,  14.256,  15.000,  25.000,   0.000,  90.000,  90.000,    2,   0.000
16:20:56:229, 28126006716200,   86.661,   27.000, 2300,   6.173, 393.139, 109.205,   4.056, 213.942,  59.428, 50,  0,   0.921,  84.706,  23.529,   0.630,  51.388,  14.274,  15.000,  25.000,   0.000,  90.000,  90.000,    1,   0.000
16:20:56:364, 28126339844116,   86.800,   32.000, 2800,   3.806, 393.668, 109.352,   1.729, 214.182,  59.495, 50,  0,   0.897,  84.830,  23.564,   0.640,  51.477,  14.299,  15.000,  25.000,   0.000,  90.000,  90.000,    6,   0.830
16:20:56:460, 28126562248856,   86.893,   32.000, 2700,   4.116, 394.049, 109.458,   2.119, 214.379,  59.550, 49,  0,   0.854,  84.909,  23.586,   0.639,  51.536,  14.316,  15.000,  25.000,   0.000,  90.000,  90.000,    6,   0.506
16:20:56:557, 28126795251278,   86.990,   80.000, 2700,   9.592, 394.980, 109.717,   7.317, 215.089,  59.747, 52,  0,   1.303,  85.036,  23.621,   0.641,  51.598,  14.333,  15.000,  25.000,   0.000,  90.000,  90.000,    7,   0.299
16:20:56:677, 28127081536510,   87.109,   46.000, 2300,   7.688, 395.897, 109.972,   5.533, 215.749,  59.930, 51,  0,   1.135,  85.171,  23.659,   0.642,  51.675,  14.354,  15.000,  25.000,   0.000,  90.000,  90.000,    1,   0.000
16:20:56:789, 28127351084329,   87.221,   39.000, 2700,   7.377, 396.726, 110.202,   5.433, 216.359,  60.100, 52,  0,   0.801,  85.261,  23.684,   0.631,  51.746,  14.374,  15.000,  25.000,   0.000,  90.000,  90.000,    1,   0.000
16:20:56:893, 28127600279310,   87.325,   38.000, 1900,   4.817, 397.226, 110.341,   2.884, 216.659,  60.183, 49,  0,   0.836,  85.348,  23.708,   0.641,  51.812,  14.392,  15.000,  25.000,   0.000,  90.000,  90.000,   18,   0.000
16:20:57:015, 28127892326902,   87.447,   67.000, 2700,   7.734, 398.167, 110.602,   5.666, 217.348,  60.375, 52,  0,   0.969,  85.466,  23.741,   0.674,  51.894,  14.415,  15.000,  25.000,   0.000,  90.000,  90.000,    2,   0.000
16:20:57:125, 28128156605456,   87.557,   35.000, 2300,   6.961, 398.934, 110.815,   4.786, 217.875,  60.521, 50,  0,   0.969,  85.573,  23.770,   0.631,  51.964,  14.434,  15.000,  25.000,   0.000,  90.000,  90.000,    1,   0.000
16:20:57:230, 28128410319044,   87.663,   29.000,  900,   3.021, 399.253, 110.904,   0.925, 217.973,  60.548, 48,  0,   0.856,  85.663,  23.795,   0.628,  52.030,  14.453,  15.000,  25.000,   0.000,  90.000,  90.000,   36,   0.000
16:20:57:396, 28128808159312,   87.828,   97.000, 2700,   8.798, 400.712, 111.309,   6.414, 219.036,  60.843, 53,  0,   1.440,  85.902,  23.862,   0.707,  52.148,  14.485,  15.000,  25.000,   0.000,  90.000,  90.000,    8,   1.011
16:20:57:463, 28128967498550,   87.895,   97.000, 2700,  10.913, 401.436, 111.510,   8.542, 219.603,  61.001, 55,  0,   1.840,  86.024,  23.896,   0.604,  52.188,  14.497,  15.000,  25.000,   0.000,  90.000,  90.000,    9,   0.205
16:20:57:572, 28129229105164,   88.004,   84.000, 2700,   9.727, 402.496, 111.805,   8.007, 220.476,  61.243, 54,  0,   1.806,  86.221,  23.950,   0.063,  52.195,  14.498,  15.000,  25.000,   0.000,  90.000,  90.000,    5,   0.271
16:20:57:678, 28129483821042,   88.110,   42.000, 2700,   6.262, 403.161, 111.989,   4.716, 220.977,  61.382, 52,  0,   1.079,  86.335,  23.982,   0.022,  52.197,  14.499,  15.000,  25.000,   0.000,  90.000,  90.000,    3,   0.000
16:20:57:776, 28129719874944,   88.208,   42.000, 2700,   7.447, 403.893, 112.193,   5.846, 221.552,  61.542, 52,  0,   0.995,  86.433,  24.009,   0.029,  52.200,  14.500,  15.000,  25.000,   0.000,  90.000,  90.000,    1,   0.000
16:20:57:899, 28130016263240,   88.332,   17.000,  600,   2.255, 404.172, 112.270,   0.832, 221.654,  61.571, 48,  0,   0.878,  86.542,  24.039,   0.014,  52.201,  14.500,  15.000,  25.000,   0.000,  90.000,  90.000,   27,   0.003
16:20:57:998, 28130252926856,   88.430,   35.000, 1000,   3.651, 404.532, 112.370,   1.569, 221.809,  61.614, 47,  0,   0.975,  86.638,  24.066,   0.569,  52.258,  14.516,  15.000,  25.000,   0.000,  90.000,  90.000,   38,   1.624
16:20:58:114, 28130531283660,   88.546,   27.000, 1200,   5.708, 405.194, 112.554,   3.440, 222.208,  61.724, 48,  0,   1.185,  86.775,  24.104,   0.687,  52.337,  14.538,  15.000,  25.000,   0.000,  90.000,  90.000,   35,   0.788
16:20:58:227, 28130801275573,   88.659,    5.000, 2300,   3.639, 405.603, 112.668,   1.490, 222.376,  61.771, 48,  0,   0.850,  86.871,  24.131,   0.702,  52.416,  14.560,  15.000,  25.000,   0.000,  90.000,  90.000,    1,   0.000
16:20:58:392, 28131223939148,   88.835,   34.000, 2700,   3.440, 406.209, 112.836,   1.336, 222.611,  61.836, 49,  0,   0.910,  87.031,  24.175,   0.644,  52.530,  14.592,  15.000,  25.000,   0.000,  90.000,  90.000,    7,   1.048
16:20:58:459, 28131359975000,   88.892,   13.000, 1200,   3.471, 406.406, 112.891,   1.295, 222.685,  61.857, 47,  0,   0.887,  87.082,  24.189,   0.639,  52.566,  14.602,  15.000,  25.000,   0.000,  90.000,  90.000,   31,   0.247
16:20:58:569, 28131622813521,   89.001,   24.000, 2700,   4.215, 406.868, 113.019,   2.035, 222.907,  61.919, 47,  0,   1.005,  87.192,  24.220,   0.675,  52.640,  14.622,  15.000,  25.000,   0.000,  90.000,  90.000,    8,   0.447
16:20:58:674, 28131876459774,   89.107,   18.000, 1000,   3.590, 407.247, 113.124,   1.475, 223.063,  61.962, 47,  0,   0.926,  87.289,  24.247,   0.628,  52.706,  14.641,  15.000,  25.000,   0.000,  90.000,  90.000,   38,   0.000
16:20:58:777, 28132121577906,   89.209,    5.000, 2700,   3.640, 407.619, 113.227,   1.421, 223.208,  62.002, 47,  0,   0.862,  87.377,  24.272,   0.757,  52.783,  14.662,  15.000,  25.000,   0.000,  90.000,  90.000,    2,   0.000
16:20:58:891, 28132395672992,   89.323,    7.000, 2300,   3.424, 408.010, 113.336,   1.338, 223.361,  62.045, 47,  0,   0.887,  87.479,  24.300,   0.626,  52.855,  14.682,  15.000,  25.000,   0.000,  90.000,  90.000,    1,   0.000
16:20:59:008, 28132676916855,   89.440,    8.000, 2300,   3.657, 408.438, 113.455,   1.534, 223.541,  62.095, 47,  0,   0.897,  87.584,  24.329,   0.629,  52.929,  14.702,  15.000,  25.000,   0.000,  90.000,  90.000,    1,   0.000
16:20:59:114, 28132931823931,   89.547,   48.000, 2700,   8.360, 409.326, 113.702,   6.054, 224.184,  62.273, 52,  0,   1.488,  87.742,  24.373,   0.628,  52.995,  14.721,  15.000,  25.000,   0.000,  90.000,  90.000,    1,   0.000
16:20:59:214, 28133169993472,   89.646,   70.000, 2300,   9.969, 410.316, 113.977,   7.608, 224.939,  62.483, 52,  0,   1.646,  87.905,  24.418,   0.632,  53.058,  14.738,  15.000,  25.000,   0.000,  90.000,  90.000,    4,   0.465
16:20:59:328, 28133444647142,   89.760,    9.000, 2300,   3.821, 410.753, 114.098,   1.668, 225.130,  62.536, 48,  0,   0.923,  88.011,  24.447,   0.651,  53.133,  14.759,  15.000,  25.000,   0.000,  90.000,  90.000,    2,   0.000
16:20:59:447, 28133728951685,   89.879,   16.000, 2300,   4.458, 411.281, 114.245,   2.323, 225.405,  62.613, 48,  0,   0.933,  88.122,  24.478,   0.660,  53.211,  14.781,  15.000,  25.000,   0.000,  90.000,  90.000,    9,   1.061
16:20:59:559, 28133998830586,   89.991,   16.000, 2300,   3.964, 411.727, 114.369,   1.844, 225.612,  62.670, 48,  0,   0.965,  88.230,  24.508,   0.636,  53.282,  14.801,  15.000,  25.000,   0.000,  90.000,  90.000,    4,   0.253
16:20:59:685, 28134300788188,   90.117,   25.000, 2700,   4.884, 412.341, 114.539,   2.785, 225.963,  62.767, 48,  0,   1.151,  88.375,  24.549,   0.630,  53.362,  14.823,  15.000,  25.000,   0.000,  90.000,  90.000,    1,   0.000
16:20:59:797, 28134569676518,   90.229,   11.000, 1100,   3.080, 412.686, 114.635,   1.057, 226.081,  62.800, 47,  0,   0.831,  88.468,  24.574,   0.626,  53.432,  14.842,  15.000,  25.000,   0.000,  90.000,  90.000,   26,   0.000
16:20:59:911, 28134843988597,   90.343,   15.000, 2700,   4.623, 413.215, 114.782,   2.388, 226.354,  62.876, 48,  0,   0.980,  88.580,  24.606,   0.711,  53.513,  14.865,  15.000,  25.000,   0.000,  90.000,  90.000,    5,   0.677
16:21:00:013, 28135087425220,   90.445,   14.000, 2300,   3.579, 413.578, 114.883,   1.466, 226.503,  62.917, 47,  0,   0.938,  88.675,  24.632,   0.653,  53.579,  14.883,  15.000,  25.000,   0.000,  90.000,  90.000,   13,   1.127
16:21:00:122, 28135349578388,   90.554,   24.000, 1200,   5.493, 414.178, 115.049,   3.303, 226.864,  63.018, 47,  0,   1.139,  88.799,  24.667,   0.636,  53.649,  14.902,  15.000,  25.000,   0.000,  90.000,  90.000,   26,   0.000
16:21:00:232, 28135613673827,   90.664,   17.000, 1200,   3.630, 414.577, 115.160,   1.474, 227.026,  63.063, 47,  0,   0.865,  88.895,  24.693,   0.699,  53.726,  14.924,  15.000,  25.000,   0.000,  90.000,  90.000,   43,   0.000
16:21:00:397, 28136035142356,   90.840,   35.000, 2800,   4.030, 415.285, 115.357,   1.843, 227.349,  63.153, 48,  0,   0.908,  89.054,  24.737,   0.711,  53.850,  14.958,  15.000,  25.000,   0.000,  90.000,  90.000,    9,   1.336
16:21:00:451, 28136140561424,   90.884,   10.000, 1300,   3.659, 415.446, 115.402,   1.499, 227.415,  63.171, 47,  0,   0.884,  89.093,  24.748,   0.649,  53.879,  14.966,  15.000,  25.000,   0.000,  90.000,  90.000,   19,   0.341
16:21:00:566, 28136415722750,   90.998,    8.000, 2300,   3.267, 415.820, 115.506,   1.178, 227.550,  63.208, 47,  0,   0.890,  89.195,  24.776,   0.648,  53.953,  14.987,  15.000,  25.000,   0.000,  90.000,  90.000,    4,   0.245
16:21:00:680, 28136689821030,   91.112,    8.000, 2300,   3.484, 416.218, 115.616,   1.344, 227.704,  63.251, 46,  0,   0.930,  89.301,  24.806,   0.627,  54.025,  15.007,  15.000,  25.000,   0.000,  90.000,  90.000,    1,   0.000
16:21:00:782, 28136934158240,   91.214,    5.000,  800,   2.841, 416.507, 115.696,   0.852, 227.791,  63.275, 46,  0,   0.811,  89.384,  24.829,   0.628,  54.089,  15.025,  15.000,  25.000,   0.000,  90.000,  90.000,    2,   0.000
16:21:00:896, 28137207550576,   91.328,   10.000,  800,   2.390, 416.780, 115.772,   0.499, 227.847,  63.291, 46,  0,   0.760,  89.470,  24.853,   0.630,  54.161,  15.045,  15.000,  25.000,   0.000,  90.000,  90.000,   17,   0.000
16:21:00:998, 28137452921672,   91.430,    7.000,  800,   2.792, 417.065, 115.851,   0.793, 227.928,  63.313, 45,  0,   0.799,  89.552,  24.876,   0.672,  54.229,  15.064,  15.000,  25.000,   0.000,  90.000,  90.000,    4,   0.055
16:21:01:112, 28137727799098,   91.545,   20.000,  600,   2.626, 417.366, 115.935,   0.710, 228.010,  63.336, 46,  0,   0.909,  89.656,  24.904,   0.464,  54.282,  15.078,  15.000,  25.000,   0.000,  90.000,  90.000,   33,   0.247
16:21:01:214, 28137971217032,   91.646,   13.000, 2300,   3.147, 417.685, 116.024,   1.275, 228.139,  63.372, 46,  0,   0.930,  89.750,  24.931,   0.350,  54.318,  15.088,  15.000,  25.000,   0.000,  90.000,  90.000,    7,   0.000
16:21:01:329, 28138247382395,   91.761,   12.000, 2700,   3.939, 418.138, 116.149,   2.358, 228.410,  63.447, 46,  0,   1.039,  89.870,  24.964,   0.033,  54.322,  15.089,  15.000,  25.000,   0.000,  90.000,  90.000,    1,   0.000
16:21:01:435, 28138499968259,   91.867,   15.000, 2300,   4.822, 418.646, 116.290,   2.684, 228.693,  63.526, 47,  0,   0.924,  89.967,  24.991,   0.656,  54.391,  15.109,  15.000,  25.000,   0.000,  90.000,  90.000,   10,   1.255
16:21:01:555, 28138788845533,   91.987,    5.000, 2300,   3.188, 419.029, 116.397,   1.115, 228.827,  63.563, 46,  0,   0.868,  90.072,  25.020,   0.631,  54.467,  15.130,  15.000,  25.000,   0.000,  90.000,  90.000,    4,   0.222
16:21:01:651, 28139020484021,   92.084,   25.000,  900,   3.057, 419.324, 116.479,   1.047, 228.928,  63.591, 47,  0,   0.861,  90.155,  25.043,   0.636,  54.528,  15.147,  15.000,  25.000,   0.000,  90.000,  90.000,   27,   0.000
16:21:01:768, 28139301708811,   92.201,    5.000, 1900,   3.504, 419.735, 116.593,   1.337, 229.085,  63.635, 46,  0,   0.888,  90.259,  25.072,   0.688,  54.609,  15.169,  15.000,  25.000,   0.000,  90.000,  90.000,    2,   0.000
16:21:01:883, 28139575770982,   92.315,    6.000, 1900,   3.006, 420.078, 116.688,   0.918, 229.190,  63.664, 46,  0,   0.875,  90.359,  25.100,   0.625,  54.680,  15.189,  15.000,  25.000,   0.000,  90.000,  90.000,    1,   0.000
16:21:01:985, 28139821420126,   92.417,   20.000,  900,   2.988, 420.384, 116.773,   0.866, 229.278,  63.688, 46,  0,   0.870,  90.448,  25.124,   0.627,  54.744,  15.207,  15.000,  25.000,   0.000,  90.000,  90.000,   29,   0.000
16:21:02:089, 28140071653810,   92.522,   18.000, 2700,   5.040, 420.909, 116.919,   2.961, 229.587,  63.774, 47,  0,   1.063,  90.559,  25.155,   0.717,  54.819,  15.228,  15.000,  25.000,   0.000,  90.000,  90.000,    2,   0.000
16:21:02:200, 28140338746640,   92.633,   11.000,  900,   2.817, 421.223, 117.006,   0.850, 229.682,  63.800, 46,  0,   0.800,  90.648,  25.180,   0.630,  54.889,  15.247,  15.000,  25.000,   0.000,  90.000,  90.000,   18,   0.000
16:21:02:314, 28140612382275,   92.747,   17.000,  900,   3.448, 421.616, 117.116,   1.304, 229.830,  63.842, 46,  0,   0.872,  90.747,  25.208,   0.677,  54.966,  15.268,  15.000,  25.000,   0.000,  90.000,  90.000,   37,   0.000
16:21:02:417, 28140857571405,   92.849,   20.000, 2700,   5.329, 422.160, 117.267,   3.082, 230.145,  63.929, 47,  0,   0.921,  90.841,  25.234,   0.764,  55.044,  15.290,  15.000,  25.000,   0.000,  90.000,  90.000,   15,   1.462
16:21:02:530, 28141130676596,   92.963,   12.000, 1100,   3.193, 422.524, 117.368,   1.084, 230.268,  63.963, 47,  0,   0.905,  90.944,  25.262,   0.635,  55.117,  15.310,  15.000,  25.000,   0.000,  90.000,  90.000,    5,   0.372
16:21:02:637, 28141385227667,   93.069,   21.000, 1100,   3.188, 422.862, 117.462,   1.013, 230.376,  63.993, 46,  0,   0.954,  91.045,  25.290,   0.657,  55.186,  15.330,  15.000,  25.000,   0.000,  90.000,  90.000,   45,   1.013
16:21:02:755, 28141669562292,   93.187,    9.000, 1300,   3.833, 423.316, 117.588,   1.615, 230.567,  64.046, 45,  0,   0.870,  91.148,  25.319,   0.739,  55.274,  15.354,  15.000,  25.000,   0.000,  90.000,  90.000,   12,   0.000
16:21:02:868, 28141941443800,   93.301,   16.000,  800,   2.587, 423.609, 117.669,   0.650, 230.641,  64.067, 45,  0,   0.787,  91.237,  25.344,   0.647,  55.347,  15.374,  15.000,  25.000,   0.000,  90.000,  90.000,   38,   0.000
16:21:02:967, 28142177980546,   93.399,    4.000, 2700,   3.539, 423.958, 117.766,   1.374, 230.776,  64.105, 46,  0,   0.858,  91.322,  25.367,   0.749,  55.421,  15.395,  15.000,  25.000,   0.000,  90.000,  90.000,    2,   0.000
16:21:03:088, 28142468100312,   93.520,   16.000,  800,   2.622, 424.275, 117.854,   0.657, 230.856,  64.127, 45,  0,   0.816,  91.421,  25.395,   0.628,  55.497,  15.416,  15.000,  25.000,   0.000,  90.000,  90.000,   34,   0.000
16:21:03:188, 28142709058804,   93.620,   16.000, 1200,   3.823, 424.659, 117.961,   1.595, 231.016,  64.171, 45,  0,   0.863,  91.507,  25.419,   0.760,  55.573,  15.437,  15.000,  25.000,   0.000,  90.000,  90.000,   48,   0.000
16:21:03:301, 28142980668660,   93.734,   14.000, 1200,   3.624, 425.069, 118.075,   1.462, 231.181,  64.217, 45,  0,   0.854,  91.604,  25.446,   0.705,  55.653,  15.459,  15.000,  25.000,   0.000,  90.000,  90.000,   36,   0.000
16:21:03:404, 28143227398767,   93.836,   22.000, 2700,   5.270, 425.611, 118.225,   3.040, 231.494,  64.304, 47,  0,   0.934,  91.700,  25.472,   0.739,  55.729,  15.480,  15.000,  25.000,   0.000,  90.000,  90.000,   17,   2.175
16:21:03:518, 28143500096386,   93.950,   12.000, 1000,   3.125, 425.966, 118.324,   1.049, 231.613,  64.337, 46,  0,   0.849,  91.796,  25.499,   0.630,  55.800,  15.500,  15.000,  25.000,   0.000,  90.000,  90.000,   22,   0.000
16:21:03:620, 28143746315808,   94.053,   10.000, 2700,   4.294, 426.406, 118.446,   2.075, 231.826,  64.396, 46,  0,   0.966,  91.896,  25.527,   0.702,  55.872,  15.520,  15.000,  25.000,   0.000,  90.000,  90.000,    6,   0.375
16:21:03:734, 28144018208686,   94.166,    5.000, 2300,   3.200, 426.769, 118.547,   1.111, 231.952,  64.431, 46,  0,   0.853,  91.992,  25.553,   0.627,  55.944,  15.540,  15.000,  25.000,   0.000,  90.000,  90.000,    1,   0.000
16:21:03:839, 28144272366472,   94.272,   13.000, 1000,   3.060, 427.093, 118.637,   0.969, 232.054,  64.460, 45,  0,   0.853,  92.083,  25.578,   0.627,  56.010,  15.558,  15.000,  25.000,   0.000,  90.000,  90.000,   29,   0.000
16:21:03:958, 28144556960508,   94.390,   19.000, 2700,   4.719, 427.652, 118.792,   2.499, 232.351,  64.542, 46,  0,   0.992,  92.200,  25.611,   0.700,  56.093,  15.581,  15.000,  25.000,   0.000,  90.000,  90.000,    1,   0.000
16:21:04:071, 28144828684056,   94.504,   11.000, 1100,   3.053, 427.998, 118.888,   0.970, 232.461,  64.572, 46,  0,   0.859,  92.297,  25.638,   0.626,  56.164,  15.601,  15.000,  25.000,   0.000,  90.000,  90.000,   16,   0.000
16:21:04:174, 28145076163294,   94.607,    7.000, 1800,   3.341, 428.343, 118.984,   1.189, 232.583,  64.606, 46,  0,   0.889,  92.389,  25.664,   0.669,  56.233,  15.620,  15.000,  25.000,   0.000,  90.000,  90.000,    1,   0.000
16:21:04:288, 28145349673379,   94.721,    5.000, 1800,   2.930, 428.677, 119.077,   0.848, 232.680,  64.633, 45,  0,   0.852,  92.486,  25.691,   0.625,  56.304,  15.640,  15.000,  25.000,   0.000,  90.000,  90.000,    1,   0.000
16:21:04:390, 28145592682822,   94.822,   26.000, 2700,   6.608, 429.346, 119.263,   4.566, 233.142,  64.762, 49,  0,   1.254,  92.613,  25.726,   0.650,  56.370,  15.658,  15.000,  25.000,   0.000,  90.000,  90.000,    7,   0.856
16:21:04:505, 28145868343837,   94.937,   15.000, 1100,   3.047, 429.696, 119.360,   1.020, 233.259,  64.794, 46,  0,   0.829,  92.708,  25.752,   0.652,  56.445,  15.679,  15.000,  25.000,   0.000,  90.000,  90.000,   32,   0.154
16:21:04:607, 28146114057568,   95.039,   30.000, 1200,   4.201, 430.126, 119.479,   1.929, 233.457,  64.849, 46,  0,   0.979,  92.809,  25.780,   0.801,  56.527,  15.702,  15.000,  25.000,   0.000,  90.000,  90.000,   70,   2.439
16:21:04:721, 28146387655419,   95.153,   14.000, 1200,   4.299, 430.616, 119.615,   2.043, 233.690,  64.914, 47,  0,   0.928,  92.914,  25.810,   0.762,  56.614,  15.726,  15.000,  25.000,   0.000,  90.000,  90.000,   34,   0.000
16:21:04:842, 28146679162767,   95.275,   17.000, 1200,   3.540, 431.046, 119.735,   1.376, 233.857,  64.960, 46,  0,   0.861,  93.019,  25.839,   0.680,  56.696,  15.749,  15.000,  25.000,   0.000,  90.000,  90.000,   30,   0.000
16:21:04:961, 28146963112920,   95.393,   22.000, 1200,   5.016, 431.639, 119.900,   2.769, 234.184,  65.051, 47,  0,   1.051,  93.143,  25.873,   0.729,  56.783,  15.773,  15.000,  25.000,   0.000,  90.000,  90.000,   42,   1.361
16:21:05:059, 28147199526441,   95.491,    5.000, 2700,   3.777, 432.011, 120.003,   1.580, 234.340,  65.094, 47,  0,   0.865,  93.229,  25.897,   0.718,  56.853,  15.793,  15.000,  25.000,   0.000,  90.000,  90.000,    2,   0.000
16:21:05:177, 28147482597834,   95.609,   13.000,  900,   2.653, 432.324, 120.090,   0.692, 234.422,  65.117, 46,  0,   0.790,  93.322,  25.923,   0.637,  56.928,  15.813,  15.000,  25.000,   0.000,  90.000,  90.000,   35,   0.000
16:21:05:276, 28147719317028,   95.708,   31.000, 2700,   4.962, 432.814, 120.226,   2.752, 234.693,  65.192, 49,  0,   0.989,  93.419,  25.950,   0.772,  57.005,  15.835,  15.000,  25.000,   0.000,  90.000,  90.000,    3,   0.000
16:21:05:420, 28148069447092,   95.854,   81.000, 2800,   9.579, 434.211, 120.614,   7.212, 235.745,  65.485, 52,  0,   1.515,  93.640,  26.011,   0.646,  57.099,  15.861,  15.000,  25.000,   0.000,  90.000,  90.000,    6,   0.707
16:21:05:504, 28148267365689,   95.936,    6.000, 2300,   3.663, 434.513, 120.698,   1.511, 235.870,  65.519, 48,  0,   0.871,  93.712,  26.031,   0.632,  57.151,  15.875,  15.000,  25.000,   0.000,  90.000,  90.000,    4,   0.157
16:21:05:617, 28148538015540,   96.049,   25.000, 2700,   6.106, 435.202, 120.889,   3.875, 236.307,  65.641, 51,  0,   1.376,  93.867,  26.074,   0.634,  57.222,  15.895,  15.000,  25.000,   0.000,  90.000,  90.000,    4,   0.264
16:21:05:727, 28148802854407,   96.160,   33.000, 2700,   7.735, 436.055, 121.126,   5.428, 236.906,  65.807, 51,  0,   1.563,  94.040,  26.122,   0.629,  57.292,  15.914,  15.000,  25.000,   0.000,  90.000,  90.000,    2,   0.000
16:21:05:835, 28149061948970,   96.268,   88.000, 2700,  10.596, 437.199, 121.444,   8.202, 237.791,  66.053, 54,  0,   1.894,  94.244,  26.179,   0.635,  57.360,  15.933,  15.000,  25.000,   0.000,  90.000,  90.000,    1,   0.000
16:21:05:934, 28149299222259,   96.366,   93.000, 2700,  10.934, 438.280, 121.744,   8.470, 238.629,  66.286, 55,  0,   1.925,  94.435,  26.232,   0.627,  57.422,  15.951,  15.000,  25.000,   0.000,  90.000,  90.000,    1,   0.000
16:21:06:043, 28149559395255,   96.475,   32.000, 2700,   8.051, 439.153, 121.987,   5.732, 239.250,  66.458, 52,  0,   1.546,  94.602,  26.278,   0.624,  57.490,  15.969,  15.000,  25.000,   0.000,  90.000,  90.000,    1,   0.000
16:21:06:151, 28149819653178,   96.583,   31.000, 2700,   7.906, 440.010, 122.225,   5.594, 239.857,  66.627, 53,  0,   1.510,  94.766,  26.324,   0.620,  57.557,  15.988,  15.000,  25.000,   0.000,  90.000,  90.000,    1,   0.000
16:21:06:263, 28150089282513,   96.696,   36.000, 2700,   8.137, 440.924, 122.479,   5.814, 240.510,  66.808, 52,  0,   1.491,  94.933,  26.370,   0.621,  57.627,  16.007,  15.000,  25.000,   0.000,  90.000,  90.000,    1,   0.000
16:21:06:390, 28150394401006,   96.823,   58.000, 2700,   8.346, 441.985, 122.774,   6.182, 241.296,  67.027, 54,  0,   1.393,  95.111,  26.420,   0.637,  57.708,  16.030,  15.000,  25.000,   0.000,  90.000,  90.000,    5,   0.711
16:21:06:480, 28150609546204,   96.912,   45.000, 2700,   8.620, 442.758, 122.988,   6.247, 241.856,  67.182, 53,  0,   1.520,  95.247,  26.457,   0.633,  57.765,  16.046,  15.000,  25.000,   0.000,  90.000,  90.000,    5,   0.352
16:21:06:588, 28150868804540,   97.020,   33.000, 2700,   8.117, 443.635, 123.232,   5.800, 242.482,  67.356, 53,  0,   1.436,  95.402,  26.501,   0.633,  57.833,  16.065,  15.000,  25.000,   0.000,  90.000,  90.000,    4,   0.248
16:21:06:698, 28151133188947,   97.131,   40.000, 2700,   8.384, 444.558, 123.488,   6.075, 243.151,  67.542, 51,  0,   1.587,  95.577,  26.549,   0.627,  57.902,  16.084,  15.000,  25.000,   0.000,  90.000,  90.000,    1,   0.000
16:21:06:820, 28151426509018,   97.253,   26.000, 1300,   4.643, 445.126, 123.646,   2.622, 243.472,  67.631, 49,  0,   1.105,  95.712,  26.587,   0.628,  57.979,  16.105,  15.000,  25.000,   0.000,  90.000,  90.000,   24,   0.000
16:21:06:927, 28151682893946,   97.360,    6.000, 2500,   3.897, 445.542, 123.762,   1.730, 243.657,  67.682, 47,  0,   0.865,  95.804,  26.612,   0.704,  58.054,  16.126,  15.000,  25.000,   0.000,  90.000,  90.000,    2,   0.000
16:21:07:027, 28151921710827,   97.459,    5.000, 2300,   3.294, 445.870, 123.853,   1.226, 243.779,  67.716, 47,  0,   0.849,  95.889,  26.636,   0.624,  58.116,  16.143,  15.000,  25.000,   0.000,  90.000,  90.000,    1,   0.000
16:21:07:143, 28152199772883,   97.575,    6.000, 2300,   3.389, 446.263, 123.962,   1.275, 243.926,  67.757, 46,  0,   0.908,  95.994,  26.665,   0.645,  58.191,  16.164,  15.000,  25.000,   0.000,  90.000,  90.000,    7,   0.959
16:21:07:249, 28152453604120,   97.681,    5.000, 2300,   3.258, 446.607, 124.058,   1.173, 244.051,  67.792, 46,  0,   0.847,  96.083,  26.690,   0.622,  58.257,  16.182,  15.000,  25.000,   0.000,  90.000,  90.000,    1,   0.000
16:21:07:428, 28152884920373,   97.860,   99.000, 2700,   8.636, 448.159, 124.489,   6.291, 245.181,  68.106, 54,  0,   1.505,  96.354,  26.765,   0.646,  58.373,  16.215,  15.000,  25.000,   0.000,  90.000,  90.000,    8,   1.179
16:21:07:472, 28152990273505,   97.904,   79.000, 2700,  10.253, 448.609, 124.614,   7.818, 245.524,  68.201, 53,  0,   1.816,  96.434,  26.787,   0.641,  58.401,  16.222,  15.000,  25.000,   0.000,  90.000,  90.000,   10,   0.461
16:21:07:583, 28153255666298,   98.015,   56.000, 2300,   8.378, 449.536, 124.871,   6.111, 246.200,  68.389, 51,  0,   1.383,  96.587,  26.830,   0.629,  58.470,  16.242,  15.000,  25.000,   0.000,  90.000,  90.000,    2,   0.084
16:21:07:698, 28153533020600,   98.130,    8.000, 2300,   3.625, 449.955, 124.987,   1.492, 246.372,  68.437, 48,  0,   0.903,  96.691,  26.859,   0.631,  58.543,  16.262,  15.000,  25.000,   0.000,  90.000,  90.000,    2,   0.112
16:21:07:816, 28153816842075,   98.249,    5.000, 2300,   3.272, 450.341, 125.095,   1.193, 246.513,  68.476, 47,  0,   0.851,  96.792,  26.887,   0.624,  58.617,  16.283,  15.000,  25.000,   0.000,  90.000,  90.000,    1,   0.000
16:21:07:924, 28154074585920,   98.356,    9.000, 2300,   3.349, 450.701, 125.195,   1.313, 246.655,  68.515, 46,  0,   0.860,  96.884,  26.912,   0.622,  58.684,  16.301,  15.000,  25.000,   0.000,  90.000,  90.000,    2,   0.000
16:21:08:028, 28154325782227,   98.461,   21.000,  800,   4.013, 451.121, 125.311,   1.998, 246.864,  68.573, 46,  0,   1.000,  96.989,  26.941,   0.646,  58.752,  16.320,  15.000,  25.000,   0.000,  90.000,  90.000,   29,   0.751
16:21:08:150, 28154617712108,   98.582,   16.000,  900,   2.850, 451.468, 125.408,   0.830, 246.965,  68.601, 46,  0,   0.801,  97.086,  26.968,   0.673,  58.834,  16.343,  15.000,  25.000,   0.000,  90.000,  90.000,   41,   0.000
16:21:08:251, 28154860303288,   98.683,   19.000, 1200,   3.922, 451.864, 125.518,   1.706, 247.137,  68.649, 46,  0,   0.861,  97.173,  26.993,   0.751,  58.909,  16.364,  15.000,  25.000,   0.000,  90.000,  90.000,   48,   0.000
16:21:08:429, 28155294050270,   98.864,   52.000, 2700,   4.273, 452.637, 125.732,   2.137, 247.523,  68.756, 49,  0,   0.942,  97.343,  27.040,   0.685,  59.033,  16.398,  15.000,  25.000,   0.000,  90.000,  90.000,    6,   0.842
16:21:08:467, 28155377674402,   98.899,   36.000, 2700,   7.799, 452.908, 125.808,   5.476, 247.714,  68.809, 50,  0,   1.037,  97.379,  27.050,   0.646,  59.056,  16.404,  15.000,  25.000,   0.000,  90.000,  90.000,   12,   0.637
16:21:08:584, 28155659962469,   99.017,   33.000, 2700,   7.469, 453.787, 126.052,   5.302, 248.338,  68.983, 51,  0,   0.981,  97.495,  27.082,   0.633,  59.130,  16.425,  15.000,  25.000,   0.000,  90.000,  90.000,    2,   0.095
16:21:08:694, 28155922322214,   99.126,   13.000, 2700,   4.651, 454.295, 126.193,   2.515, 248.613,  69.059, 48,  0,   0.956,  97.599,  27.111,   0.631,  59.199,  16.444,  15.000,  25.000,   0.000,  90.000,  90.000,    3,   0.151
16:21:08:800, 28156177823737,   99.232,   31.000, 2700,   7.089, 455.050, 126.403,   5.097, 249.155,  69.210, 51,  0,   0.862,  97.691,  27.136,   0.618,  59.265,  16.463,  15.000,  25.000,   0.000,  90.000,  90.000,    1,   0.000
16:21:08:913, 28156449579558,   99.346,   23.000, 2300,   5.881, 455.716, 126.588,   3.820, 249.588,  69.330, 48,  0,   0.927,  97.796,  27.166,   0.619,  59.335,  16.482,  15.000,  25.000,   0.000,  90.000,  90.000,    1,   0.000
16:21:09:024, 28156714977690,   99.456,   20.000, 1000,   3.089, 456.058, 126.683,   0.975, 249.696,  69.360, 47,  0,   0.863,  97.891,  27.192,   0.628,  59.405,  16.501,  15.000,  25.000,   0.000,  90.000,  90.000,   36,   0.000
16:21:09:132, 28156973817803,   99.564,   80.000, 2700,   7.177, 456.832, 126.898,   4.984, 250.233,  69.509, 53,  0,   1.277,  98.029,  27.230,   0.750,  59.485,  16.524,  15.000,  25.000,   0.000,  90.000,  90.000,    2,   0.000
16:21:09:234, 28157219441988,   99.666,   28.000, 2300,   7.005, 457.549, 127.097,   4.870, 250.732,  69.648, 49,  0,   0.932,  98.124,  27.257,   0.630,  59.550,  16.542,  15.000,  25.000,   0.000,  90.000,  90.000,    1,   0.000
16:21:09:348, 28157491823604,   99.780,   14.000, 1000,   3.160, 457.907, 127.196,   1.059, 250.852,  69.681, 47,  0,   0.887,  98.225,  27.285,   0.631,  59.622,  16.562,  15.000,  25.000,   0.000,  90.000,  90.000,   21,   0.000
16:21:09:449, 28157735059659,   99.881,   72.000, 2700,   6.905, 458.607, 127.391,   4.563, 251.314,  69.810, 51,  0,   1.185,  98.345,  27.318,   0.730,  59.696,  16.582,  15.000,  25.000,   0.000,  90.000,  90.000,   15,   1.646
16:21:09:571, 28158028214694,  100.003,   34.000, 2700,   7.547, 459.529, 127.647,   5.415, 251.976,  69.993, 53,  0,   0.966,  98.463,  27.351,   0.632,  59.773,  16.604,  15.000,  25.000,   0.000,  90.000,  90.000,    1,   0.000
16:21:09:674, 28158274204739,  100.106,   15.000, 2400,   4.563, 459.997, 127.777,   2.406, 252.222,  70.062, 49,  0,   1.006,  98.566,  27.380,   0.674,  59.842,  16.623,  15.000,  25.000,   0.000,  90.000,  90.000,   11,   1.409
16:21:09:787, 28158547323522,  100.220,   29.000, 2700,   6.827, 460.773, 127.993,   4.895, 252.779,  70.216, 51,  0,   0.798,  98.657,  27.405,   0.630,  59.914,  16.643,  15.000,  25.000,   0.000,  90.000,  90.000,    1,   0.000
16:21:09:891, 28158796182334,  100.323,   29.000,  900,   4.735, 461.264, 128.129,   2.781, 253.068,  70.297, 48,  0,   0.819,  98.742,  27.428,   0.635,  59.979,  16.661,  15.000,  25.000,   0.000,  90.000,  90.000,   19,   0.000
16:21:09:999, 28159053566340,  100.431,   76.000, 2700,   7.030, 462.018, 128.338,   4.862, 253.589,  70.441, 53,  0,   1.352,  98.887,  27.469,   0.701,  60.055,  16.682,  15.000,  25.000,   0.000,  90.000,  90.000,    9,   1.112
16:21:10:105, 28159310435856,  100.538,   64.000, 2700,   9.612, 463.047, 128.624,   7.335, 254.374,  70.659, 54,  0,   1.498,  99.047,  27.513,   0.651,  60.124,  16.701,  15.000,  25.000,   0.000,  90.000,  90.000,    1,   0.000
16:21:10:214, 28159570034351,  100.646,   14.000, 2300,   5.134, 463.602, 128.778,   2.974, 254.696,  70.749, 48,  0,   1.044,  99.160,  27.544,   0.652,  60.195,  16.721,  15.000,  25.000,   0.000,  90.000,  90.000,    4,   0.466
16:21:10:336, 28159864303018,  100.768,   25.000, 2700,   5.546, 464.282, 128.967,   3.425, 255.116,  70.865, 50,  0,   0.913,  99.272,  27.576,   0.636,  60.273,  16.742,  15.000,  25.000,   0.000,  90.000,  90.000,    1,   0.000
16:21:10:435, 28160101404518,  100.867,   44.000, 2700,   7.836, 465.057, 129.182,   5.657, 255.675,  71.021, 50,  0,   1.034,  99.374,  27.604,   0.665,  60.338,  16.761,  15.000,  25.000,   0.000,  90.000,  90.000,   12,   1.614
16:21:10:550, 28160377083236,  100.982,   11.000, 1100,   3.187, 465.423, 129.284,   1.071, 255.798,  71.055, 47,  0,   0.861,  99.473,  27.631,   0.634,  60.411,  16.781,  15.000,  25.000,   0.000,  90.000,  90.000,   22,   0.000
16:21:10:659, 28160637958126,  101.091,   35.000, 2700,   6.090, 466.085, 129.468,   3.996, 256.232,  71.176, 51,  0,   0.916,  99.573,  27.659,   0.709,  60.488,  16.802,  15.000,  25.000,   0.000,  90.000,  90.000,    7,   0.405
16:21:10:774, 28160913956976,  101.206,   34.000, 2700,   7.639, 466.963, 129.712,   5.469, 256.861,  71.350, 51,  0,   1.027,  99.691,  27.692,   0.648,  60.563,  16.823,  15.000,  25.000,   0.000,  90.000,  90.000,    1,   0.000
16:21:10:878, 28161165467245,  101.311,   16.000, 1100,   3.213, 467.300, 129.806,   1.068, 256.973,  71.381, 48,  0,   0.854,  99.780,  27.717,   0.663,  60.632,  16.842,  15.000,  25.000,   0.000,  90.000,  90.000,   39,   0.000
16:21:10:990, 28161434290246,  101.423,   10.000, 1300,   4.024, 467.750, 129.931,   1.776, 257.172,  71.437, 47,  0,   0.879,  99.879,  27.744,   0.778,  60.719,  16.866,  15.000,  25.000,   0.000,  90.000,  90.000,   14,   0.000
16:21:11:091, 28161676263322,  101.523,   28.000, 2700,   5.914, 468.347, 130.096,   3.757, 257.550,  71.542, 50,  0,   0.918,  99.971,  27.770,   0.662,  60.786,  16.885,  15.000,  25.000,   0.000,  90.000,  90.000,    1,   0.000
16:21:11:207, 28161953074634,  101.639,   28.000, 2300,   6.881, 469.140, 130.317,   4.744, 258.098,  71.694, 49,  0,   0.930, 100.079,  27.800,   0.649,  60.861,  16.906,  15.000,  25.000,   0.000,  90.000,  90.000,    1,   0.000
16:21:11:308, 28162195382044,  101.740,   12.000, 1100,   3.101, 469.453, 130.404,   0.994, 258.198,  71.722, 48,  0,   0.872, 100.167,  27.824,   0.637,  60.925,  16.924,  15.000,  25.000,   0.000,  90.000,  90.000,   18,   0.000
16:21:11:422, 28162470778868,  101.855,   30.000, 2700,   4.150, 469.930, 130.536,   1.953, 258.422,  71.784, 48,  0,   0.923, 100.273,  27.854,   0.702,  61.006,  16.946,  15.000,  25.000,   0.000,  90.000,  90.000,    9,   1.049
16:21:11:539, 28162750626133,  101.971,   32.000, 2700,   6.458, 470.683, 130.745,   4.337, 258.928,  71.924, 50,  0,   0.957, 100.384,  27.885,   0.644,  61.081,  16.967,  15.000,  25.000,   0.000,  90.000,  90.000,    3,   0.225
16:21:11:661, 28163042532515,  102.093,   37.000, 2700,   6.796, 471.509, 130.975,   4.675, 259.496,  72.082, 49,  0,   1.200, 100.530,  27.925,   0.661,  61.161,  16.989,  15.000,  25.000,   0.000,  90.000,  90.000,   11,   1.242
16:21:11:776, 28163318996799,  102.208,    7.000, 2300,   3.979, 471.968, 131.102,   1.876, 259.712,  72.142, 47,  0,   0.906, 100.635,  27.954,   0.629,  61.234,  17.009,  15.000,  25.000,   0.000,  90.000,  90.000,    1,   0.000
16:21:11:893, 28163600896167,  102.325,   23.000, 1000,   3.160, 472.339, 131.205,   1.055, 259.836,  72.177, 47,  0,   0.884, 100.739,  27.983,   0.628,  61.307,  17.030,  15.000,  25.000,   0.000,  90.000,  90.000,   25,   0.000
16:21:12:008, 28163877384483,  102.441,   42.000, 2700,   7.018, 473.147, 131.430,   4.762, 260.385,  72.329, 51,  0,   1.116, 100.867,  28.019,   0.698,  61.388,  17.052,  15.000,  25.000,   0.000,  90.000,  90.000,    1,   0.000
16:21:12:109, 28164118789434,  102.541,   31.000, 2700,   7.258, 473.877, 131.633,   5.173, 260.905,  72.474, 51,  0,   0.937, 100.961,  28.045,   0.630,  61.451,  17.070,  15.000,  25.000,   0.000,  90.000,  90.000,    1,   0.000
16:21:12:223, 28164394053557,  102.656,   12.000, 1000,   3.047, 474.227, 131.730,   0.910, 261.010,  72.503, 47,  0,   0.851, 101.059,  28.072,   0.632,  61.524,  17.090,  15.000,  25.000,   0.000,  90.000,  90.000,   20,   0.000
16:21:12:325, 28164637676911,  102.757,   21.000, 1000,   3.335, 474.565, 131.824,   1.144, 261.126,  72.535, 46,  0,   0.893, 101.150,  28.097,   0.696,  61.594,  17.110,  15.000,  25.000,   0.000,  90.000,  90.000,   39,   0.000
16:21:12:440, 28164914191073,  102.873,   18.000, 2700,   5.023, 475.144, 131.984,   2.820, 261.451,  72.625, 48,  0,   0.909, 101.254,  28.126,   0.739,  61.680,  17.133,  15.000,  25.000,   0.000,  90.000,  90.000,   15,   2.306
16:21:12:557, 28165192952152,  102.989,   41.000, 2300,   7.519, 476.017, 132.227,   5.408, 262.079,  72.800, 49,  0,   1.129, 101.385,  28.163,   0.629,  61.753,  17.153,  15.000,  25.000,   0.000,  90.000,  90.000,    1,   0.000
16:21:12:678, 28165485208005,  103.111,   20.000,  900,   2.569, 476.330, 132.314,   0.655, 262.159,  72.822, 47,  0,   0.785, 101.481,  28.189,   0.637,  61.830,  17.175,  15.000,  25.000,   0.000,  90.000,  90.000,   35,   0.147
16:21:12:778, 28165723860163,  103.210,    4.000, 2700,   4.042, 476.732, 132.426,   1.911, 262.349,  72.875, 47,  0,   0.925, 101.573,  28.215,   0.766,  61.906,  17.196,  15.000,  25.000,   0.000,  90.000,  90.000,    3,   0.000
16:21:12:895, 28166005974523,  103.328,   17.000, 1100,   2.958, 477.080, 132.522,   0.857, 262.449,  72.903, 46,  0,   0.870, 101.675,  28.243,   0.639,  61.981,  17.217,  15.000,  25.000,   0.000,  90.000,  90.000,   36,   0.000
16:21:12:995, 28166244692207,  103.427,   21.000, 1100,   4.256, 477.503, 132.640,   2.026, 262.651,  72.959, 47,  0,   0.887, 101.763,  28.268,   0.771,  62.058,  17.238,  15.000,  25.000,   0.000,  90.000,  90.000,   49,   0.037
16:21:13:111, 28166523790228,  103.543,   14.000, 1100,   3.653, 477.928, 132.758,   1.486, 262.824,  73.007, 47,  0,   0.870, 101.865,  28.296,   0.697,  62.139,  17.261,  15.000,  25.000,   0.000,  90.000,  90.000,   35,   0.000
16:21:13:226, 28166801088866,  103.659,   10.000,  900,   3.276, 478.306, 132.863,   1.207, 262.963,  73.045, 46,  0,   0.820, 101.959,  28.322,   0.707,  62.221,  17.284,  15.000,  25.000,   0.000,  90.000,  90.000,   21,   0.000
16:21:13:327, 28167042147704,  103.759,    5.000, 2200,   3.254, 478.633, 132.954,   1.153, 263.079,  73.077, 46,  0,   0.845, 102.044,  28.346,   0.671,  62.288,  17.302,  15.000,  25.000,   0.000,  90.000,  90.000,    1,   0.000
16:21:13:442, 28167319469839,  103.875,   21.000, 2200,   4.164, 479.114, 133.087,   2.040, 263.315,  73.143, 47,  0,   0.913, 102.150,  28.375,   0.645,  62.363,  17.323,  15.000,  25.000,   0.000,  90.000,  90.000,    9,   1.015
16:21:13:543, 28167560780194,  103.975,    5.000, 2200,   3.142, 479.430, 133.175,   1.026, 263.418,  73.172, 46,  0,   0.859, 102.236,  28.399,   0.628,  62.426,  17.341,  15.000,  25.000,   0.000,  90.000,  90.000,    1,   0.000
16:21:13:665, 28167853300842,  104.097,    6.000, 2200,   3.224, 479.823, 133.284,   1.128, 263.555,  73.210, 46,  0,   0.876, 102.343,  28.429,   0.639,  62.504,  17.362,  15.000,  25.000,   0.000,  90.000,  90.000,    4,   0.224
16:21:13:780, 28168129266357,  104.212,   17.000, 1100,   3.399, 480.214, 133.393,   1.295, 263.704,  73.251, 46,  0,   0.902, 102.447,  28.457,   0.626,  62.576,  17.382,  15.000,  25.000,   0.000,  90.000,  90.000,   36,   0.000
16:21:13:910, 28168441186760,  104.342,   20.000, 1100,   3.832, 480.712, 133.531,   1.627, 263.916,  73.310, 46,  0,   0.873, 102.560,  28.489,   0.724,  62.670,  17.408,  15.000,  25.000,   0.000,  90.000,  90.000,   35,   0.000
16:21:14:016, 28168696289364,  104.448,   31.000, 2700,   5.418, 481.288, 133.691,   3.240, 264.260,  73.406, 47,  0,   1.107, 102.678,  28.522,   0.711,  62.745,  17.429,  15.000,  25.000,   0.000,  90.000,  90.000,    2,   0.000
16:21:14:129, 28168968251701,  104.562,   11.000, 1000,   3.260, 481.657, 133.794,   1.226, 264.399,  73.444, 46,  0,   0.840, 102.773,  28.548,   0.628,  62.817,  17.449,  15.000,  25.000,   0.000,  90.000,  90.000,   17,   0.000
16:21:14:228, 28169205902991,  104.661,   10.000,  800,   3.278, 481.982, 133.884,   1.246, 264.522,  73.478, 46,  0,   0.860, 102.858,  28.572,   0.693,  62.885,  17.468,  15.000,  25.000,   0.000,  90.000,  90.000,   30,   1.076
16:21:14:346, 28169487999248,  104.778,   20.000,  900,   3.096, 482.346, 133.985,   0.999, 264.640,  73.511, 46,  0,   0.847, 102.958,  28.599,   0.670,  62.964,  17.490,  15.000,  25.000,   0.000,  90.000,  90.000,   43,   0.000
16:21:14:467, 28169778234452,  104.899,   25.000, 2700,   4.769, 482.923, 134.145,   2.503, 264.942,  73.595, 48,  0,   0.934, 103.071,  28.631,   0.768,  63.057,  17.516,  15.000,  25.000,   0.000,  90.000,  90.000,   19,   2.698
16:21:14:582, 28170053855900,  105.014,   15.000,  900,   3.143, 483.284, 134.245,   1.073, 265.065,  73.629, 46,  0,   0.854, 103.169,  28.658,   0.630,  63.129,  17.536,  15.000,  25.000,   0.000,  90.000,  90.000,   20,   0.000
16:21:14:684, 28170299041684,  105.116,   10.000, 2700,   3.911, 483.683, 134.356,   1.686, 265.238,  73.677, 47,  0,   0.945, 103.265,  28.685,   0.696,  63.200,  17.556,  15.000,  25.000,   0.000,  90.000,  90.000,    6,   0.328
16:21:14:799, 28170574703084,  105.231,   17.000, 1200,   3.197, 484.050, 134.458,   1.150, 265.370,  73.714, 46,  0,   0.864, 103.364,  28.712,   0.630,  63.273,  17.576,  15.000,  25.000,   0.000,  90.000,  90.000,   16,   0.000
16:21:14:916, 28170855926700,  105.348,   35.000,  800,   3.344, 484.442, 134.567,   1.255, 265.517,  73.755, 46,  0,   0.899, 103.470,  28.742,   0.677,  63.352,  17.598,  15.000,  25.000,   0.000,  90.000,  90.000,   15,   0.000
16:21:15:026, 28171119177828,  105.458,    7.000, 2000,   3.597, 484.837, 134.677,   1.430, 265.674,  73.798, 46,  0,   0.992, 103.578,  28.772,   0.677,  63.426,  17.618,  15.000,  25.000,   0.000,  90.000,  90.000,    5,   0.594
16:21:15:147, 28171411224723,  105.580,   11.000,  900,   2.893, 485.189, 134.775,   0.799, 265.771,  73.825, 46,  0,   0.852, 103.682,  28.801,   0.628,  63.503,  17.640,  15.000,  25.000,   0.000,  90.000,  90.000,   18,   0.000
16:21:15:246, 28171649043295,  105.679,   35.000, 1200,   3.437, 485.529, 134.869,   1.301, 265.900,  73.861, 46,  0,   0.849, 103.766,  28.824,   0.686,  63.571,  17.659,  15.000,  25.000,   0.000,  90.000,  90.000,   50,   0.000
16:21:15:366, 28171936588770,  105.799,   58.000, 2700,   7.187, 486.390, 135.108,   4.797, 266.475,  74.021, 51,  0,   1.300, 103.922,  28.867,   0.756,  63.661,  17.684,  15.000,  25.000,   0.000,  90.000,  90.000,    9,   0.000
16:21:15:470, 28172183985051,  105.902,   57.000, 2300,   8.632, 487.280, 135.356,   6.278, 267.122,  74.200, 50,  0,   1.424, 104.069,  28.908,   0.668,  63.730,  17.703,  15.000,  25.000,   0.000,  90.000,  90.000,   11,   1.308
16:21:15:586, 28172463969605,  106.018,   15.000, 1100,   3.179, 487.651, 135.459,   1.064, 267.246,  74.235, 47,  0,   0.865, 104.170,  28.936,   0.631,  63.804,  17.723,  15.000,  25.000,   0.000,  90.000,  90.000,   21,   0.000
16:21:15:686, 28172704736570,  106.119,   24.000, 1100,   3.610, 488.013, 135.559,   1.399, 267.386,  74.274, 47,  0,   0.944, 104.264,  28.962,   0.715,  63.876,  17.743,  15.000,  25.000,   0.000,  90.000,  90.000,   40,   0.331
16:21:15:802, 28172982683867,  106.234,   14.000, 1300,   3.668, 488.438, 135.677,   1.485, 267.558,  74.322, 46,  0,   0.869, 104.365,  28.990,   0.707,  63.957,  17.766,  15.000,  25.000,   0.000,  90.000,  90.000,   35,   0.000
16:21:15:903, 28173223932538,  106.335,   12.000, 1100,   3.704, 488.810, 135.781,   1.527, 267.712,  74.364, 46,  0,   0.848, 104.450,  29.014,   0.724,  64.030,  17.786,  15.000,  25.000,   0.000,  90.000,  90.000,   25,   0.000
16:21:16:018, 28173501367242,  106.451,    6.000, 1700,   3.154, 489.175, 135.882,   1.012, 267.829,  74.397, 46,  0,   0.871, 104.551,  29.042,   0.665,  64.107,  17.808,  15.000,  25.000,   0.000,  90.000,  90.000,    1,   0.000
16:21:16:135, 28173780673667,  106.567,   14.000,  900,   2.806, 489.501, 135.973,   0.733, 267.914,  74.421, 46,  0,   0.846, 104.649,  29.069,   0.626,  64.180,  17.828,  15.000,  25.000,   0.000,  90.000,  90.000,   26,   0.000
16:21:16:234, 28174019288576,  106.666,   48.000, 1000,   3.946, 489.894, 136.082,   1.739, 268.087,  74.469, 46,  0,   0.959, 104.745,  29.096,   0.709,  64.250,  17.847,  15.000,  25.000,   0.000,  90.000,  90.000,   14,   0.000
16:21:16:350, 28174298617417,  106.783,   23.000,  900,   5.636, 490.550, 136.264,   3.630, 268.509,  74.586, 47,  0,   1.179, 104.882,  29.134,   0.656,  64.327,  17.869,  15.000,  25.000,   0.000,  90.000,  90.000,   17,   0.000
16:21:16:452, 28174543220123,  106.885,   31.000, 2700,   5.659, 491.127, 136.424,   3.465, 268.862,  74.684, 48,  0,   0.998, 104.984,  29.162,   0.689,  64.397,  17.888,  15.000,  25.000,   0.000,  90.000,  90.000,   11,   1.292
16:21:16:567, 28174817921136,  106.999,   13.000, 1200,   3.090, 491.480, 136.522,   1.007, 268.978,  74.716, 47,  0,   0.862, 105.082,  29.190,   0.627,  64.469,  17.908,  15.000,  25.000,   0.000,  90.000,  90.000,   21,   0.000
16:21:16:673, 28175073271756,  107.106,    9.000, 2300,   3.865, 491.891, 136.637,   1.688, 269.157,  74.766, 47,  0,   0.893, 105.177,  29.216,   0.694,  64.543,  17.928,  15.000,  25.000,   0.000,  90.000,  90.000,    8,   0.306
16:21:16:789, 28175350141582,  107.221,    8.000, 2300,   4.015, 492.355, 136.765,   1.875, 269.373,  74.826, 46,  0,   0.963, 105.289,  29.247,   0.648,  64.617,  17.949,  15.000,  25.000,   0.000,  90.000,  90.000,    7,   0.921
16:21:16:889, 28175591598720,  107.322,    4.000, 2300,   3.121, 492.669, 136.852,   1.027, 269.477,  74.855, 46,  0,   0.852, 105.374,  29.271,   0.627,  64.680,  17.967,  15.000,  25.000,   0.000,  90.000,  90.000,    1,   0.000
16:21:17:005, 28175870702993,  107.438,   12.000, 1100,   3.131, 493.033, 136.954,   1.061, 269.600,  74.889, 46,  0,   0.854, 105.474,  29.298,   0.625,  64.753,  17.987,  15.000,  25.000,   0.000,  90.000,  90.000,   27,   0.000
16:21:17:106, 28176110812337,  107.538,   17.000, 1200,   3.665, 493.399, 137.055,   1.495, 269.750,  74.930, 46,  0,   0.857, 105.559,  29.322,   0.708,  64.824,  18.007,  15.000,  25.000,   0.000,  90.000,  90.000,   52,   0.000
16:21:17:222, 28176389929922,  107.654,    4.000, 2700,   3.878, 493.850, 137.181,   1.696, 269.947,  74.985, 46,  0,   0.852, 105.659,  29.350,   0.728,  64.909,  18.030,  15.000,  25.000,   0.000,  90.000,  90.000,    2,   0.000
16:21:17:347, 28176690972740,  107.780,   30.000, 2700,   3.928, 494.343, 137.318,   1.744, 270.166,  75.046, 48,  0,   1.060, 105.791,  29.387,   0.625,  64.987,  18.052,  15.000,  25.000,   0.000,  90.000,  90.000,    1,   0.000
16:21:17:460, 28176959983088,  107.892,   99.000, 2700,  10.331, 495.501, 137.639,   7.950, 271.057,  75.294, 53,  0,   1.714, 105.984,  29.440,   0.655,  65.060,  18.072,  15.000,  25.000,   0.000,  90.000,  90.000,   12,   1.684
16:21:17:570, 28177224119125,  108.002,   83.000, 2700,  10.396, 496.645, 137.957,   8.008, 271.938,  75.538, 53,  0,   1.694, 106.170,  29.492,   0.632,  65.130,  18.092,  15.000,  25.000,   0.000,  90.000,  90.000,    2,   0.002
16:21:17:680, 28177489196769,  108.112,   52.000, 2700,   6.715, 497.387, 138.163,   4.576, 272.443,  75.679, 54,  0,   1.253, 106.308,  29.530,   0.640,  65.201,  18.111,  15.000,  25.000,   0.000,  90.000,  90.000,    4,   0.242
16:21:17:775, 28177718287244,  108.208,   14.000,  900,   3.459, 497.717, 138.255,   1.420, 272.579,  75.716, 47,  0,   0.877, 106.392,  29.553,   0.627,  65.260,  18.128,  15.000,  25.000,   0.000,  90.000,  90.000,   19,   0.000
16:21:17:893, 28178001689268,  108.326,   19.000,  900,   3.077, 498.081, 138.356,   0.964, 272.693,  75.748, 47,  0,   0.876, 106.496,  29.582,   0.667,  65.339,  18.150,  15.000,  25.000,   0.000,  90.000,  90.000,   34,   0.000
16:21:18:009, 28178278825534,  108.441,   28.000, 2700,   5.303, 498.693, 138.526,   3.053, 273.045,  75.846, 48,  0,   1.079, 106.620,  29.617,   0.723,  65.423,  18.173,  15.000,  25.000,   0.000,  90.000,  90.000,   10,   1.277
16:21:18:108, 28178517398505,  108.541,   15.000,  900,   3.017, 498.993, 138.609,   0.908, 273.136,  75.871, 46,  0,   0.865, 106.706,  29.641,   0.626,  65.485,  18.190,  15.000,  25.000,   0.000,  90.000,  90.000,   30,   0.000
16:21:18:224, 28178794881114,  108.656,   14.000,  900,   3.543, 499.402, 138.723,   1.389, 273.296,  75.916, 46,  0,   0.856, 106.805,  29.668,   0.699,  65.566,  18.213,  15.000,  25.000,   0.000,  90.000,  90.000,   34,   0.000
16:21:18:325, 28179037404033,  108.757,   16.000,  900,   3.738, 499.780, 138.828,   1.557, 273.454,  75.959, 46,  0,   0.861, 106.892,  29.692,   0.712,  65.638,  18.233,  15.000,  25.000,   0.000,  90.000,  90.000,   39,   0.000
16:21:18:440, 28179329701594,  108.879,   43.000, 2200,   4.439, 500.321, 138.978,   2.349, 273.740,  76.039, 48,  0,   0.894, 107.001,  29.722,   0.708,  65.724,  18.257,  15.000,  25.000,   0.000,  90.000,  90.000,   10,   1.143
16:21:18:541, 28179556694967,  108.974,    9.000, 1300,   2.878, 500.593, 139.054,   0.842, 273.819,  76.061, 46,  0,   0.845, 107.081,  29.745,   0.631,  65.784,  18.273,  15.000,  25.000,   0.000,  90.000,  90.000,   11,   0.159
16:21:18:663, 28179847692334,  109.095,   45.000, 2700,   4.004, 501.079, 139.188,   1.916, 274.052,  76.125, 47,  0,   1.136, 107.219,  29.783,   0.637,  65.861,  18.295,  15.000,  25.000,   0.000,  90.000,  90.000,    1,   0.000
16:21:18:773, 28180111771960,  109.205,   10.000, 2700,   4.044, 501.524, 139.312,   1.926, 274.263,  76.184, 46,  0,   0.982, 107.327,  29.813,   0.644,  65.932,  18.314,  15.000,  25.000,   0.000,  90.000,  90.000,    7,   0.698
16:21:18:880, 28180368620540,  109.312,    7.000, 2300,   3.352, 501.882, 139.412,   1.249, 274.397,  76.221, 46,  0,   0.874, 107.420,  29.839,   0.642,  66.000,  18.333,  15.000,  25.000,   0.000,  90.000,  90.000,    6,   0.650
16:21:18:993, 28180640007908,  109.425,   12.000, 1000,   3.330, 502.259, 139.516,   1.227, 274.536,  76.260, 46,  0,   0.892, 107.521,  29.867,   0.629,  66.071,  18.353,  15.000,  25.000,   0.000,  90.000,  90.000,   17,   0.000
16:21:19:095, 28180886690642,  109.528,   16.000,  900,   3.042, 502.572, 139.603,   0.932, 274.632,  76.287, 46,  0,   0.848, 107.608,  29.891,   0.672,  66.141,  18.372,  15.000,  25.000,   0.000,  90.000,  90.000,   34,   0.000
16:21:19:209, 28181158683193,  109.641,   25.000, 1100,   3.698, 502.991, 139.720,   1.539, 274.806,  76.335, 46,  0,   0.867, 107.706,  29.918,   0.708,  66.221,  18.395,  15.000,  25.000,   0.000,  90.000,  90.000,   21,   0.000
16:21:19:312, 28181406740308,  109.745,   33.000, 2700,   6.946, 503.708, 139.919,   4.760, 275.298,  76.472, 49,  0,   0.953, 107.805,  29.946,   0.658,  66.289,  18.414,  15.000,  25.000,   0.000,  90.000,  90.000,    3,   0.000
16:21:19:426, 28181683760737,  109.860,   30.000, 2800,   6.182, 504.422, 140.117,   4.073, 275.768,  76.602, 50,  0,   0.948, 107.914,  29.976,   0.645,  66.363,  18.434,  15.000,  25.000,   0.000,  90.000,  90.000,    6,   0.863
16:21:19:528, 28181925216062,  109.961,   38.000, 2700,   7.324, 505.159, 140.322,   5.088, 276.280,  76.745, 50,  0,   1.094, 108.024,  30.007,   0.642,  66.428,  18.452,  15.000,  25.000,   0.000,  90.000,  90.000,    6,   1.062
16:21:19:641, 28182196271116,  110.073,   27.000, 2300,   6.670, 505.912, 140.531,   4.610, 276.801,  76.889, 49,  0,   0.894, 108.125,  30.035,   0.629,  66.499,  18.472,  15.000,  25.000,   0.000,  90.000,  90.000,    1,   0.000
16:21:19:744, 28182443469402,  110.176,   18.000, 2700,   4.486, 506.374, 140.660,   2.441, 277.052,  76.959, 49,  0,   0.894, 108.217,  30.060,   0.640,  66.565,  18.490,  15.000,  25.000,   0.000,  90.000,  90.000,    5,   0.264
16:21:19:857, 28182714797721,  110.290,   32.000, 2700,   7.349, 507.205, 140.890,   5.227, 277.643,  77.123, 50,  0,   0.945, 108.324,  30.090,   0.627,  66.636,  18.510,  15.000,  25.000,   0.000,  90.000,  90.000,    1,   0.000
16:21:19:975, 28182998656421,  110.408,   34.000, 2700,   6.730, 508.001, 141.111,   4.530, 278.179,  77.272, 50,  0,   1.175, 108.463,  30.129,   0.640,  66.711,  18.531,  15.000,  25.000,   0.000,  90.000,  90.000,    6,   0.578
16:21:20:075, 28183238240596,  110.508,   53.000, 2700,   9.273, 508.927, 141.369,   6.872, 278.865,  77.463, 54,  0,   1.584, 108.621,  30.173,   0.643,  66.775,  18.549,  15.000,  25.000,   0.000,  90.000,  90.000,    5,   0.435
16:21:20:198, 28183533155553,  110.631,   61.000, 2700,   9.492, 510.093, 141.693,   7.167, 279.746,  77.707, 52,  0,   1.447, 108.799,  30.222,   0.631,  66.853,  18.570,  15.000,  25.000,   0.000,  90.000,  90.000,    4,   0.151
16:21:20:314, 28183811007498,  110.746,   17.000,  900,   3.873, 510.542, 141.817,   1.778, 279.952,  77.764, 49,  0,   0.867, 108.900,  30.250,   0.628,  66.926,  18.590,  15.000,  25.000,   0.000,  90.000,  90.000,   36,   0.000
16:21:20:436, 28184102550549,  110.868,   25.000, 2700,   5.034, 511.153, 141.987,   2.802, 280.292,  77.859, 49,  0,   0.920, 109.011,  30.281,   0.746,  67.016,  18.616,  15.000,  25.000,   0.000,  90.000,  90.000,   10,   1.126
16:21:20:545, 28184365252249,  110.977,   25.000, 2700,   4.687, 511.666, 142.129,   2.602, 280.577,  77.938, 50,  0,   0.924, 109.112,  30.309,   0.630,  67.085,  18.635,  15.000,  25.000,   0.000,  90.000,  90.000,    4,   0.179
16:21:20:659, 28184637815200,  111.091,   33.000, 2700,   7.485, 512.516, 142.366,   5.310, 281.180,  78.106, 51,  0,   0.981, 109.224,  30.340,   0.623,  67.156,  18.654,  15.000,  25.000,   0.000,  90.000,  90.000,    1,   0.000
16:21:20:762, 28184885269412,  111.194,   35.000, 1200,   3.631, 512.891, 142.470,   1.487, 281.333,  78.148, 48,  0,   0.999, 109.327,  30.369,   0.636,  67.221,  18.673,  15.000,  25.000,   0.000,  90.000,  90.000,   23,   0.179
16:21:20:884, 28185178451867,  111.316,   28.000, 1100,   4.160, 513.399, 142.611,   2.108, 281.591,  78.220, 47,  0,   1.068, 109.457,  30.405,   0.670,  67.303,  18.695,  15.000,  25.000,   0.000,  90.000,  90.000,   40,   0.000
16:21:20:996, 28185447458896,  111.428,   34.000, 2700,   5.706, 514.038, 142.788,   3.494, 281.982,  78.328, 51,  0,   0.956, 109.564,  30.435,   0.744,  67.387,  18.718,  15.000,  25.000,   0.000,  90.000,  90.000,    2,   0.000
16:21:21:116, 28185735837192,  111.548,   24.000, 2300,   6.300, 514.795, 142.999,   4.122, 282.478,  78.466, 48,  0,   0.925, 109.676,  30.465,   0.622,  67.461,  18.739,  15.000,  25.000,   0.000,  90.000,  90.000,    1,   0.000
16:21:21:228, 28186004893852,  111.660,    5.000, 2300,   3.209, 515.155, 143.099,   1.125, 282.604,  78.501, 47,  0,   0.850, 109.771,  30.492,   0.631,  67.532,  18.759,  15.000,  25.000,   0.000,  90.000,  90.000,    2,   0.000
16:21:21:332, 28186254695888,  111.764,    7.000, 2300,   3.369, 515.506, 143.196,   1.251, 282.734,  78.537, 47,  0,   0.925, 109.867,  30.519,   0.648,  67.600,  18.778,  15.000,  25.000,   0.000,  90.000,  90.000,    7,   1.071
16:21:21:444, 28186524008651,  111.877,   46.000, 2700,   5.489, 516.122, 143.367,   3.341, 283.109,  78.641, 50,  0,   0.971, 109.976,  30.549,   0.665,  67.674,  18.798,  15.000,  25.000,   0.000,  90.000,  90.000,   11,   1.667
16:21:21:555, 28186789173203,  111.987,   32.000, 2700,   7.302, 516.928, 143.591,   5.190, 283.682,  78.801, 51,  0,   0.954, 110.082,  30.578,   0.629,  67.744,  18.818,  15.000,  25.000,   0.000,  90.000,  90.000,    2,   0.000
16:21:21:661, 28187043560389,  112.093,   11.000, 2300,   4.464, 517.401, 143.723,   2.311, 283.927,  78.869, 48,  0,   0.895, 110.176,  30.605,   0.639,  67.811,  18.837,  15.000,  25.000,   0.000,  90.000,  90.000,    1,   0.000
16:21:21:765, 28187292149529,  112.197,   10.000, 2300,   3.731, 517.788, 143.830,   1.577, 284.091,  78.914, 47,  0,   0.942, 110.274,  30.632,   0.644,  67.878,  18.855,  15.000,  25.000,   0.000,  90.000,  90.000,    4,   0.241
16:21:21:887, 28187584956408,  112.319,    9.000,  900,   3.129, 518.170, 143.936,   1.032, 284.216,  78.949, 46,  0,   0.850, 110.378,  30.660,   0.644,  67.957,  18.877,  15.000,  25.000,   0.000,  90.000,  90.000,   14,   0.000
16:21:21:999, 28187853652914,  112.431,   37.000, 2700,   5.746, 518.813, 144.115,   3.574, 284.617,  79.060, 50,  0,   0.961, 110.485,  30.690,   0.675,  68.032,  18.898,  15.000,  25.000,   0.000,  90.000,  90.000,    2,   0.000
16:21:22:119, 28188141748592,  112.551,   27.000, 2700,   6.819, 519.632, 144.342,   4.683, 285.179,  79.216, 49,  0,   0.935, 110.597,  30.722,   0.626,  68.107,  18.919,  15.000,  25.000,   0.000,  90.000,  90.000,    1,   0.000
16:21:22:215, 28188373976189,  112.648,   16.000,  900,   2.973, 519.919, 144.422,   0.867, 285.263,  79.240, 47,  0,   0.860, 110.681,  30.745,   0.628,  68.168,  18.936,  15.000,  25.000,   0.000,  90.000,  90.000,   31,   0.000
16:21:22:335, 28188661190058,  112.767,   13.000, 1000,   3.560, 520.345, 144.540,   1.411, 285.431,  79.286, 47,  0,   0.858, 110.783,  30.773,   0.703,  68.252,  18.959,  15.000,  25.000,   0.000,  90.000,  90.000,   21,   0.000
16:21:22:463, 28188980858932,  112.900,   35.000, 2700,   3.756, 520.846, 144.679,   1.559, 285.639,  79.344, 47,  0,   0.937, 110.908,  30.808,   0.678,  68.343,  18.984,  15.000,  25.000,   0.000,  90.000,  90.000,    7,   0.801
16:21:22:551, 28189179543064,  112.983,   18.000, 2700,   5.016, 521.261, 144.795,   2.957, 285.884,  79.412, 50,  0,   0.903, 110.983,  30.829,   0.637,  68.395,  18.999,  15.000,  25.000,   0.000,  90.000,  90.000,    5,   0.268
16:21:22:663, 28189449124444,  113.096,   32.000, 2700,   7.390, 522.091, 145.025,   5.206, 286.469,  79.575, 50,  0,   0.967, 111.091,  30.859,   0.632,  68.466,  19.018,  15.000,  25.000,   0.000,  90.000,  90.000,    1,   0.000
16:21:22:767, 28189697683273,  113.199,   13.000, 2400,   4.734, 522.581, 145.161,   2.610, 286.739,  79.650, 48,  0,   0.931, 111.188,  30.886,   0.641,  68.533,  19.037,  15.000,  25.000,   0.000,  90.000,  90.000,    5,   0.235
16:21:22:888, 28189989242276,  113.321,   28.000, 2700,   5.145, 523.206, 145.335,   3.018, 287.105,  79.752, 48,  0,   1.156, 111.328,  30.925,   0.629,  68.609,  19.058,  15.000,  25.000,   0.000,  90.000,  90.000,    1,   0.000
16:21:23:001, 28190260990298,  113.434,   15.000,  900,   3.173, 523.566, 145.435,   1.108, 287.231,  79.786, 47,  0,   0.868, 111.427,  30.952,   0.628,  68.680,  19.078,  15.000,  25.000,   0.000,  90.000,  90.000,   22,   0.000
16:21:23:105, 28190509367610,  113.537,   31.000,  900,   3.468, 523.924, 145.535,   1.319, 287.367,  79.824, 47,  0,   0.855, 111.515,  30.976,   0.701,  68.753,  19.098,  15.000,  25.000,   0.000,  90.000,  90.000,   35,   0.000
16:21:23:217, 28190779139967,  113.650,   32.000, 2700,   6.185, 524.620, 145.728,   3.959, 287.813,  79.948, 49,  0,   0.968, 111.624,  31.007,   0.717,  68.833,  19.120,  15.000,  25.000,   0.000,  90.000,  90.000,    3,   0.000
16:21:23:337, 28191065050622,  113.769,   19.000, 2400,   5.383, 525.261, 145.906,   3.410, 288.219,  80.061, 48,  0,   0.839, 111.724,  31.034,   0.657,  68.912,  19.142,  15.000,  25.000,   0.000,  90.000,  90.000,    4,   0.478
16:21:23:464, 28191376524860,  113.899,   30.000, 2200,   3.168, 525.672, 146.020,   1.276, 288.384,  80.107, 48,  0,   0.829, 111.831,  31.064,   0.610,  68.991,  19.164,  15.000,  25.000,   0.000,  90.000,  90.000,   12,   1.743
16:21:23:552, 28191582267600,  113.984,   14.000,  700,   2.802, 525.912, 146.087,   1.326, 288.498,  80.138, 46,  0,   0.940, 111.912,  31.087,   0.045,  68.995,  19.165,  15.000,  25.000,   0.000,  90.000,  90.000,   36,   0.160
16:21:23:666, 28191855220292,  114.098,    9.000, 2200,   2.886, 526.241, 146.178,   1.202, 288.635,  80.176, 46,  0,   0.906, 112.015,  31.115,   0.270,  69.025,  19.174,  15.000,  25.000,   0.000,  90.000,  90.000,    2,   0.000
16:21:23:771, 28192108168494,  114.203,   11.000, 2200,   3.697, 526.630, 146.286,   1.550, 288.798,  80.222, 47,  0,   0.935, 112.114,  31.143,   0.648,  69.094,  19.193,  15.000,  25.000,   0.000,  90.000,  90.000,    6,   0.391
16:21:23:881, 28192370978168,  114.313,   15.000,  900,   2.693, 526.925, 146.368,   0.797, 288.885,  80.246, 46,  0,   0.777, 112.199,  31.166,   0.634,  69.163,  19.212,  15.000,  25.000,   0.000,  90.000,  90.000,    5,   0.000
16:21:24:004, 28192665771084,  114.436,    8.000,  800,   2.663, 527.252, 146.459,   0.713, 288.973,  80.270, 46,  0,   0.805, 112.298,  31.194,   0.633,  69.241,  19.234,  15.000,  25.000,   0.000,  90.000,  90.000,    8,   0.000
16:21:24:107, 28192915141470,  114.540,    7.000, 1300,   2.768, 527.540, 146.539,   0.735, 289.049,  80.291, 46,  0,   0.825, 112.383,  31.218,   0.646,  69.308,  19.252,  15.000,  25.000,   0.000,  90.000,  90.000,    3,   0.000
16:21:24:220, 28193186623270,  114.653,    9.000, 1300,   2.896, 527.867, 146.630,   0.795, 289.139,  80.316, 46,  0,   0.863, 112.481,  31.245,   0.639,  69.380,  19.272,  15.000,  25.000,   0.000,  90.000,  90.000,    5,   0.000
16:21:24:324, 28193433853931,  114.756,   13.000, 1300,   2.933, 528.169, 146.714,   0.820, 289.224,  80.340, 45,  0,   0.864, 112.570,  31.269,   0.638,  69.446,  19.291,  15.000,  25.000,   0.000,  90.000,  90.000,   16,   0.000
16:21:24:452, 28193744919560,  114.885,   33.000, 2800,   3.972, 528.684, 146.857,   1.803, 289.457,  80.405, 48,  0,   0.929, 112.690,  31.303,   0.667,  69.533,  19.315,  15.000,  25.000,   0.000,  90.000,  90.000,    6,   0.566
16:21:24:555, 28193989733452,  114.987,   13.000, 1300,   3.163, 529.007, 146.946,   1.064, 289.566,  80.435, 46,  0,   0.869, 112.779,  31.327,   0.639,  69.598,  19.333,  15.000,  25.000,   0.000,  90.000,  90.000,   33,   0.242
16:21:24:652, 28194222402836,  115.084,    6.000, 2700,   3.954, 529.390, 147.053,   1.756, 289.736,  80.482, 46,  0,   0.873, 112.864,  31.351,   0.723,  69.668,  19.352,  15.000,  25.000,   0.000,  90.000,  90.000,    2,   0.000
16:21:24:771, 28194508338197,  115.204,   22.000, 1000,   3.286, 529.782, 147.162,   1.161, 289.874,  80.521, 46,  0,   0.922, 112.974,  31.382,   0.629,  69.743,  19.373,  15.000,  25.000,   0.000,  90.000,  90.000,   38,   0.139
16:21:24:886, 28194785116790,  115.319,   30.000, 1300,   4.153, 530.261, 147.295,   1.934, 290.097,  80.583, 46,  0,   0.871, 113.074,  31.409,   0.751,  69.829,  19.397,  15.000,  25.000,   0.000,  90.000,  90.000,   38,   0.000
16:21:25:006, 28195070958668,  115.438,   10.000, 1200,   3.911, 530.727, 147.424,   1.718, 290.302,  80.639, 46,  0,   0.948, 113.187,  31.441,   0.694,  69.912,  19.420,  15.000,  25.000,   0.000,  90.000,  90.000,   20,   0.000
16:21:25:110, 28195321019225,  115.542,   14.000, 1000,   3.464, 531.088, 147.524,   1.321, 290.440,  80.678, 46,  0,   0.879, 113.278,  31.466,   0.665,  69.981,  19.439,  15.000,  25.000,   0.000,  90.000,  90.000,   33,   0.000
16:21:25:222, 28195589745079,  115.654,   17.000, 1100,   3.627, 531.494, 147.637,   1.458, 290.603,  80.723, 46,  0,   0.856, 113.374,  31.493,   0.706,  70.060,  19.461,  15.000,  25.000,   0.000,  90.000,  90.000,   47,   0.000
16:21:25:335, 28195862084978,  115.768,   37.000, 2700,   5.922, 532.166, 147.824,   3.608, 291.012,  80.837, 49,  0,   1.088, 113.498,  31.527,   0.750,  70.146,  19.485,  15.000,  25.000,   0.000,  90.000,  90.000,    2,   0.000
16:21:25:464, 28196173465068,  115.897,   86.000, 2700,   9.988, 533.462, 148.184,   7.621, 292.001,  81.111, 54,  0,   1.609, 113.706,  31.585,   0.651,  70.230,  19.508,  15.000,  25.000,   0.000,  90.000,  90.000,    7,   0.926
16:21:25:547, 28196370959192,  115.980,   15.000, 2300,   4.495, 533.831, 148.287,   2.532, 292.209,  81.169, 49,  0,   1.001, 113.789,  31.608,   0.637,  70.282,  19.523,  15.000,  25.000,   0.000,  90.000,  90.000,    4,   0.226
16:21:25:658, 28196636480908,  116.090,   15.000, 1000,   3.061, 534.170, 148.381,   0.992, 292.319,  81.200, 47,  0,   0.848, 113.883,  31.634,   0.629,  70.352,  19.542,  15.000,  25.000,   0.000,  90.000,  90.000,   31,   0.000
16:21:25:774, 28196914224171,  116.206,    7.000, 2400,   4.230, 534.660, 148.517,   2.019, 292.553,  81.265, 47,  0,   0.921, 113.989,  31.664,   0.719,  70.435,  19.565,  15.000,  25.000,   0.000,  90.000,  90.000,    7,   0.281
16:21:25:870, 28197146698490,  116.303,   12.000, 1100,   3.147, 534.964, 148.601,   1.057, 292.655,  81.293, 46,  0,   0.858, 114.072,  31.687,   0.629,  70.496,  19.582,  15.000,  25.000,   0.000,  90.000,  90.000,   21,   0.005
16:21:25:989, 28197432305044,  116.422,   14.000, 1000,   3.561, 535.388, 148.719,   1.380, 292.820,  81.339, 46,  0,   0.926, 114.183,  31.717,   0.689,  70.578,  19.605,  15.000,  25.000,   0.000,  90.000,  90.000,   37,   1.000
16:21:26:095, 28197686339226,  116.528,   17.000, 1100,   3.663, 535.776, 148.827,   1.485, 292.977,  81.382, 46,  0,   0.859, 114.273,  31.743,   0.715,  70.654,  19.626,  15.000,  25.000,   0.000,  90.000,  90.000,   51,   0.000
16:21:26:208, 28197956346451,  116.640,    4.000, 2700,   3.881, 536.213, 148.948,   1.680, 293.166,  81.435, 46,  0,   0.855, 114.370,  31.769,   0.745,  70.738,  19.649,  15.000,  25.000,   0.000,  90.000,  90.000,    2,   0.000
16:21:26:311, 28198204246723,  116.743,   13.000, 1000,   3.131, 536.536, 149.038,   1.012, 293.270,  81.464, 46,  0,   0.862, 114.459,  31.794,   0.624,  70.802,  19.667,  15.000,  25.000,   0.000,  90.000,  90.000,   29,   0.000
16:21:26:450, 28198565076460,  116.894,   51.000, 2800,   4.755, 537.251, 149.236,   2.559, 293.655,  81.571, 49,  0,   0.975, 114.605,  31.835,   0.704,  70.908,  19.697,  15.000,  25.000,   0.000,  90.000,  90.000,    9,   1.498
16:21:26:529, 28198727583468,  116.962,    8.000, 2000,   3.622, 537.496, 149.305,   1.469, 293.755,  81.598, 47,  0,   0.899, 114.666,  31.852,   0.635,  70.951,  19.709,  15.000,  25.000,   0.000,  90.000,  90.000,    6,   0.381
16:21:26:654, 28199028442451,  117.087,   16.000,  900,   2.888, 537.858, 149.405,   0.808, 293.856,  81.627, 46,  0,   0.844, 114.772,  31.881,   0.628,  71.030,  19.730,  15.000,  25.000,   0.000,  90.000,  90.000,   22,   0.000
16:21:26:761, 28199284720084,  117.194,   19.000,  900,   4.360, 538.324, 149.534,   2.135, 294.084,  81.690, 46,  0,   0.951, 114.873,  31.909,   0.700,  71.104,  19.751,  15.000,  25.000,   0.000,  90.000,  90.000,   20,   0.123
16:21:26:873, 28199552596198,  117.305,    7.000, 1700,   3.139, 538.674, 149.632,   0.982, 294.193,  81.720, 46,  0,   0.891, 114.973,  31.937,   0.663,  71.178,  19.772,  15.000,  25.000,   0.000,  90.000,  90.000,    2,   0.359
16:21:26:993, 28199839936471,  117.425,    5.000, 1700,   2.872, 539.018, 149.727,   0.811, 294.290,  81.747, 46,  0,   0.850, 115.074,  31.965,   0.615,  71.252,  19.792,  15.000,  25.000,   0.000,  90.000,  90.000,    1,   0.000
16:21:27:099, 28200094651771,  117.531,    5.000, 1700,   2.875, 539.323, 149.812,   0.797, 294.375,  81.771, 45,  0,   0.846, 115.164,  31.990,   0.625,  71.318,  19.811,  15.000,  25.000,   0.000,  90.000,  90.000,    2,   0.000
16:21:27:210, 28200362123867,  117.643,    5.000, 1700,   2.908, 539.647, 149.902,   0.796, 294.464,  81.795, 46,  0,   0.854, 115.259,  32.017,   0.627,  71.388,  19.830,  15.000,  25.000,   0.000,  90.000,  90.000,    1,   0.000
16:21:27:316, 28200615230843,  117.748,   22.000, 1700,   3.289, 539.994, 149.998,   1.195, 294.590,  81.830, 46,  0,   0.948, 115.359,  32.044,   0.624,  71.454,  19.848,  15.000,  25.000,   0.000,  90.000,  90.000,   10,   0.000
16:21:27:464, 28200973833234,  117.897,   79.000, 2700,   8.406, 541.250, 150.347,   6.160, 295.510,  82.086, 52,  0,   1.404, 115.569,  32.103,   0.652,  71.551,  19.875,  15.000,  25.000,   0.000,  90.000,  90.000,    9,   0.798
16:21:27:538, 28201147143070,  117.970,   92.000, 2700,  10.724, 542.025, 150.562,   8.337, 296.112,  82.253, 53,  0,   1.732, 115.694,  32.137,   0.640,  71.598,  19.888,  15.000,  25.000,   0.000,  90.000,  90.000,    7,   0.331
16:21:27:646, 28201406524504,  118.078,   42.000, 2300,   6.433, 542.720, 150.756,   4.236, 296.570,  82.381, 50,  0,   1.333, 115.838,  32.177,   0.625,  71.665,  19.907,  15.000,  25.000,   0.000,  90.000,  90.000,    1,   0.000
16:21:27:751, 28201660751385,  118.184,   20.000, 1100,   3.292, 543.069, 150.852,   1.287, 296.706,  82.418, 47,  0,   0.846, 115.928,  32.202,   0.628,  71.732,  19.925,  15.000,  25.000,   0.000,  90.000,  90.000,   21,   0.000
16:21:27:864, 28201929834636,  118.296,   12.000, 1800,   3.623, 543.475, 150.965,   1.393, 296.863,  82.462, 47,  0,   1.016, 116.042,  32.234,   0.701,  71.810,  19.947,  15.000,  25.000,   0.000,  90.000,  90.000,   12,   0.969
16:21:27:973, 28202192862037,  118.405,   30.000, 1800,   3.989, 543.912, 151.087,   1.738, 297.053,  82.515, 48,  0,   1.143, 116.167,  32.269,   0.684,  71.885,  19.968,  15.000,  25.000,   0.000,  90.000,  90.000,   24,   3.189
16:21:28:101, 28202500310515,  118.534,    9.000, 2300,   3.766, 544.394, 151.221,   1.575, 297.255,  82.571, 46,  0,   1.016, 116.297,  32.305,   0.680,  71.972,  19.992,  15.000,  25.000,   0.000,  90.000,  90.000,   17,   1.946
16:21:28:213, 28202767407163,  118.645,    6.000, 2300,   3.346, 544.767, 151.324,   1.253, 297.394,  82.610, 46,  0,   0.889, 116.396,  32.332,   0.649,  72.044,  20.012,  15.000,  25.000,   0.000,  90.000,  90.000,   11,   0.403
16:21:28:317, 28203019601551,  118.750,   20.000,  800,   2.846, 545.066, 151.407,   0.834, 297.482,  82.634, 46,  0,   0.849, 116.485,  32.357,   0.647,  72.112,  20.031,  15.000,  25.000,   0.000,  90.000,  90.000,   45,   0.375
16:21:28:460, 28203361686800,  118.892,   44.000, 2700,   4.685, 545.734, 151.593,   2.395, 297.823,  82.729, 50,  0,   1.019, 116.631,  32.397,   0.746,  72.219,  20.061,  15.000,  25.000,   0.000,  90.000,  90.000,   17,   1.944
16:21:28:534, 28203538969618,  118.966,    6.000, 2300,   3.593, 545.999, 151.666,   1.537, 297.937,  82.760, 47,  0,   0.878, 116.695,  32.415,   0.644,  72.266,  20.074,  15.000,  25.000,   0.000,  90.000,  90.000,    8,   0.477
16:21:28:645, 28203806326748,  119.078,   11.000,  800,   2.452, 546.272, 151.742,   0.559, 297.999,  82.778, 45,  0,   0.752, 116.779,  32.439,   0.634,  72.337,  20.094,  15.000,  25.000,   0.000,  90.000,  90.000,   34,   0.000
16:21:28:750, 28204058350460,  119.183,   10.000,  800,   3.536, 546.644, 151.845,   1.521, 298.159,  82.822, 46,  0,   0.810, 116.864,  32.462,   0.737,  72.414,  20.115,  15.000,  25.000,   0.000,  90.000,  90.000,   10,   0.000
16:21:28:861, 28204324880294,  119.294,   20.000, 1300,   3.000, 546.977, 151.938,   0.889, 298.258,  82.849, 46,  0,   0.904, 116.965,  32.490,   0.643,  72.486,  20.135,  15.000,  25.000,   0.000,  90.000,  90.000,   29,   0.197
16:21:28:973, 28204592186147,  119.405,   17.000, 1200,   3.835, 547.404, 152.057,   1.662, 298.443,  82.901, 46,  0,   0.878, 117.062,  32.517,   0.710,  72.565,  20.157,  15.000,  25.000,   0.000,  90.000,  90.000,   42,   0.000
16:21:29:077, 28204843301028,  119.510,   14.000, 1000,   3.876, 547.810, 152.169,   1.657, 298.616,  82.949, 46,  0,   0.862, 117.153,  32.542,   0.748,  72.643,  20.179,  15.000,  25.000,   0.000,  90.000,  90.000,   38,   0.000
16:21:29:183, 28205095761756,  119.615,   16.000, 1200,   3.744, 548.203, 152.279,   1.589, 298.783,  82.995, 46,  0,   0.857, 117.243,  32.567,   0.704,  72.717,  20.199,  15.000,  25.000,   0.000,  90.000,  90.000,   35,   0.000
16:21:29:305, 28205388349044,  119.737,   17.000, 1300,   3.320, 548.608, 152.391,   1.154, 298.924,  83.034, 46,  0,   0.858, 117.347,  32.596,   0.695,  72.802,  20.223,  15.000,  25.000,   0.000,  90.000,  90.000,   43,   0.000
16:21:29:462, 28205766854900,  119.895,   53.000, 2700,   4.983, 549.394, 152.609,   2.749, 299.357,  83.155, 49,  0,   0.974, 117.501,  32.639,   0.731,  72.917,  20.255,  15.000,  25.000,   0.000,  90.000,  90.000,   10,   0.994
16:21:29:522, 28205909137338,  119.954,   10.000, 2700,   4.904, 549.685, 152.690,   2.754, 299.521,  83.200, 47,  0,   0.995, 117.560,  32.656,   0.649,  72.956,  20.266,  15.000,  25.000,   0.000,  90.000,  90.000,    7,   0.311
16:21:29:631, 28206172780515,  120.064,   15.000, 1000,   3.133, 550.029, 152.786,   1.035, 299.634,  83.232, 46,  0,   0.854, 117.654,  32.682,   0.625,  73.024,  20.285,  15.000,  25.000,   0.000,  90.000,  90.000,   39,   0.000
16:21:29:737, 28206427323992,  120.170,   21.000, 1100,   3.810, 550.433, 152.898,   1.748, 299.820,  83.283, 47,  0,   0.800, 117.739,  32.705,   0.758,  73.105,  20.307,  15.000,  25.000,   0.000,  90.000,  90.000,   46,   0.000
16:21:29:848, 28206693177308,  120.281,    9.000,  900,   3.541, 550.825, 153.007,   1.448, 299.980,  83.328, 46,  0,   0.856, 117.834,  32.732,   0.717,  73.184,  20.329,  15.000,  25.000,   0.000,  90.000,  90.000,   25,   0.261
16:21:29:956, 28206950720111,  120.388,   15.000, 2700,   4.146, 551.270, 153.131,   2.056, 300.201,  83.389, 47,  0,   0.948, 117.935,  32.760,   0.682,  73.258,  20.349,  15.000,  25.000,   0.000,  90.000,  90.000,    9,   0.847
16:21:30:071, 28207226848648,  120.503,   47.000, 2700,   8.694, 552.270, 153.408,   6.379, 300.935,  83.593, 51,  0,   1.507, 118.109,  32.808,   0.628,  73.330,  20.369,  15.000,  25.000,   0.000,  90.000,  90.000,    1,   0.000
16:21:30:171, 28207466784258,  120.603,   59.000, 2700,   8.886, 553.159, 153.655,   6.612, 301.596,  83.777, 51,  0,   1.479, 118.257,  32.849,   0.639,  73.394,  20.387,  15.000,  25.000,   0.000,  90.000,  90.000,    7,   0.413
16:21:30:288, 28207748473852,  120.720,   25.000,  900,   5.048, 553.751, 153.820,   2.998, 301.947,  83.874, 48,  0,   1.088, 118.384,  32.885,   0.630,  73.467,  20.408,  15.000,  25.000,   0.000,  90.000,  90.000,   10,   0.000
16:21:30:399, 28208014964922,  120.831,   11.000, 1400,   3.059, 554.091, 153.914,   0.943, 302.052,  83.903, 47,  0,   0.870, 118.481,  32.911,   0.651,  73.540,  20.428,  15.000,  25.000,   0.000,  90.000,  90.000,    2,   0.000
16:21:30:508, 28208276842510,  120.940,   31.000, 2700,   5.695, 554.712, 154.087,   3.449, 302.428,  84.008, 49,  0,   1.090, 118.600,  32.944,   0.681,  73.614,  20.448,  15.000,  25.000,   0.000,  90.000,  90.000,   18,   2.336
16:21:30:618, 28208540716337,  121.050,    5.000, 2300,   3.458, 555.092, 154.192,   1.368, 302.579,  84.050, 47,  0,   0.855, 118.694,  32.971,   0.623,  73.683,  20.467,  15.000,  25.000,   0.000,  90.000,  90.000,    1,   0.000
16:21:30:725, 28208796683367,  121.157,    9.000, 2300,   3.284, 555.443, 154.290,   1.217, 302.709,  84.086, 47,  0,   0.853, 118.785,  32.996,   0.628,  73.750,  20.486,  15.000,  25.000,   0.000,  90.000,  90.000,    1,   0.000
16:21:30:835, 28209060977630,  121.267,    7.000, 2300,   3.753, 555.856, 154.404,   1.626, 302.888,  84.136, 46,  0,   0.978, 118.893,  33.026,   0.640,  73.820,  20.506,  15.000,  25.000,   0.000,  90.000,  90.000,    6,   0.593
16:21:30:941, 28209315993899,  121.373,    5.000, 2300,   3.280, 556.204, 154.501,   1.160, 303.011,  84.170, 46,  0,   0.856, 118.983,  33.051,   0.627,  73.887,  20.524,  15.000,  25.000,   0.000,  90.000,  90.000,    1,   0.000
16:21:31:051, 28209579989556,  121.483,    5.000, 2300,   3.326, 556.570, 154.603,   1.223, 303.146,  84.207, 46,  0,   0.870, 119.079,  33.078,   0.632,  73.956,  20.543,  15.000,  25.000,   0.000,  90.000,  90.000,    1,   0.000
16:21:31:157, 28209834414530,  121.589,    4.000, 2300,   3.222, 556.912, 154.698,   1.142, 303.267,  84.241, 46,  0,   0.845, 119.169,  33.102,   0.630,  74.023,  20.562,  15.000,  25.000,   0.000,  90.000,  90.000,    1,   0.000
16:21:31:268, 28210099521344,  121.700,    5.000, 2300,   3.204, 557.266, 154.796,   1.125, 303.391,  84.275, 46,  0,   0.842, 119.262,  33.128,   0.626,  74.092,  20.581,  15.000,  25.000,   0.000,  90.000,  90.000,    1,   0.000
16:21:31:373, 28210353585158,  121.806,    5.000, 2300,   3.258, 557.611, 154.892,   1.163, 303.514,  84.309, 46,  0,   0.854, 119.352,  33.153,   0.631,  74.159,  20.600,  15.000,  25.000,   0.000,  90.000,  90.000,    1,   0.000
16:21:31:483, 28210617189182,  121.916,   18.000, 2700,   4.674, 558.124, 155.034,   2.533, 303.792,  84.387, 47,  0,   0.921, 119.453,  33.182,   0.652,  74.231,  20.620,  15.000,  25.000,   0.000,  90.000,  90.000,    9,   1.246
16:21:31:603, 28210903931099,  122.035,    4.000, 2300,   3.319, 558.521, 155.145,   1.228, 303.939,  84.427, 46,  0,   0.843, 119.554,  33.209,   0.639,  74.307,  20.641,  15.000,  25.000,   0.000,  90.000,  90.000,    1,   0.000
16:21:31:711, 28211163505911,  122.143,    5.000, 2300,   3.302, 558.878, 155.244,   1.216, 304.070,  84.464, 46,  0,   0.852, 119.646,  33.235,   0.633,  74.375,  20.660,  15.000,  25.000,   0.000,  90.000,  90.000,    1,   0.000
16:21:31:821, 28211428326200,  122.254,   18.000,  800,   3.484, 559.262, 155.351,   1.481, 304.234,  84.509, 46,  0,   0.872, 119.742,  33.262,   0.637,  74.446,  20.679,  15.000,  25.000,   0.000,  90.000,  90.000,   39,   0.151
16:21:31:928, 28211683431082,  122.360,    6.000, 2700,   4.016, 559.689, 155.469,   1.805, 304.426,  84.563, 46,  0,   0.873, 119.835,  33.288,   0.752,  74.526,  20.702,  15.000,  25.000,   0.000,  90.000,  90.000,    2,   0.000
16:21:32:038, 28211947957811,  122.470,    5.000, 2300,   3.292, 560.052, 155.570,   1.203, 304.558,  84.600, 46,  0,   0.848, 119.929,  33.314,   0.629,  74.595,  20.721,  15.000,  25.000,   0.000,  90.000,  90.000,    1,   0.000
16:21:32:144, 28212202569808,  122.576,    5.000, 2300,   3.236, 560.395, 155.665,   1.151, 304.681,  84.633, 46,  0,   0.849, 120.019,  33.339,   0.629,  74.662,  20.739,  15.000,  25.000,   0.000,  90.000,  90.000,    1,   0.000
16:21:32:254, 28212466735050,  122.686,    5.000, 2300,   3.241, 560.752, 155.764,   1.157, 304.808,  84.669, 46,  0,   0.845, 120.112,  33.364,   0.627,  74.731,  20.759,  15.000,  25.000,   0.000,  90.000,  90.000,    1,   0.000
16:21:32:360, 28212720764780,  122.792,   31.000, 1000,   2.809, 561.049, 155.847,   0.818, 304.894,  84.693, 45,  0,   0.799, 120.196,  33.388,   0.627,  74.797,  20.777,  15.000,  25.000,   0.000,  90.000,  90.000,   32,   0.000
16:21:32:476, 28212999674556,  122.908,   43.000, 2700,   7.084, 561.872, 156.076,   4.865, 305.460,  84.850, 49,  0,   1.272, 120.344,  33.429,   0.743,  74.883,  20.801,  15.000,  25.000,   0.000,  90.000,  90.000,   13,   1.548
16:21:32:575, 28213237990182,  123.008,    7.000, 2300,   3.627, 562.233, 156.176,   1.493, 305.608,  84.891, 46,  0,   0.923, 120.436,  33.454,   0.649,  74.948,  20.819,  15.000,  25.000,   0.000,  90.000,  90.000,    8,   1.036
16:21:32:687, 28213505477445,  123.119,    5.000, 2300,   3.289, 562.599, 156.278,   1.209, 305.743,  84.929, 47,  0,   0.848, 120.530,  33.481,   0.628,  75.018,  20.838,  15.000,  25.000,   0.000,  90.000,  90.000,    1,   0.000
16:21:32:792, 28213757152138,  123.224,    8.000, 2300,   3.589, 562.976, 156.382,   1.476, 305.898,  84.972, 46,  0,   0.895, 120.624,  33.507,   0.635,  75.084,  20.857,  15.000,  25.000,   0.000,  90.000,  90.000,    3,   0.107
16:21:32:913, 28214048891759,  123.345,    6.000, 2300,   3.412, 563.390, 156.497,   1.280, 306.053,  85.015, 46,  0,   0.880, 120.731,  33.536,   0.651,  75.163,  20.879,  15.000,  25.000,   0.000,  90.000,  90.000,    5,   0.519
16:21:33:024, 28214316059556,  123.457,   14.000,  800,   2.815, 563.704, 156.584,   0.848, 306.148,  85.041, 45,  0,   0.803, 120.821,  33.561,   0.631,  75.234,  20.898,  15.000,  25.000,   0.000,  90.000,  90.000,   37,   0.000
16:21:33:130, 28214569150224,  123.562,    8.000, 1600,   3.512, 564.074, 156.687,   1.354, 306.290,  85.081, 46,  0,   0.846, 120.910,  33.586,   0.765,  75.314,  20.921,  15.000,  25.000,   0.000,  90.000,  90.000,    5,   0.000
16:21:33:241, 28214836281567,  123.673,    6.000, 1600,   3.004, 564.408, 156.780,   0.885, 306.389,  85.108, 46,  0,   0.856, 121.005,  33.613,   0.638,  75.385,  20.940,  15.000,  25.000,   0.000,  90.000,  90.000,    1,   0.000
16:21:33:346, 28215088490926,  123.779,    6.000, 1600,   2.938, 564.717, 156.866,   0.854, 306.479,  85.133, 45,  0,   0.846, 121.094,  33.637,   0.628,  75.451,  20.959,  15.000,  25.000,   0.000,  90.000,  90.000,    1,   0.000
16:21:33:457, 28215384522702,  123.902,   33.000, 2800,   3.834, 565.190, 156.997,   1.724, 306.691,  85.192, 47,  0,   0.916, 121.207,  33.669,   0.652,  75.532,  20.981,  15.000,  25.000,   0.000,  90.000,  90.000,    7,   0.990
16:21:33:563, 28215607839847,  123.995,   10.000, 1200,   3.263, 565.494, 157.082,   1.116, 306.795,  85.221, 46,  0,   0.867, 121.288,  33.691,   0.652,  75.592,  20.998,  15.000,  25.000,   0.000,  90.000,  90.000,   20,   0.345
16:21:33:673, 28215873878968,  124.106,   14.000,  900,   3.065, 565.833, 157.176,   0.997, 306.906,  85.252, 45,  0,   0.827, 121.379,  33.716,   0.690,  75.669,  21.019,  15.000,  25.000,   0.000,  90.000,  90.000,   27,   0.000
16:21:33:779, 28216126150511,  124.211,   14.000, 1200,   3.920, 566.245, 157.290,   1.738, 307.088,  85.302, 45,  0,   0.879, 121.472,  33.742,   0.711,  75.744,  21.040,  15.000,  25.000,   0.000,  90.000,  90.000,   14,   0.000
16:21:33:889, 28216389986112,  124.321,   22.000,  800,   2.759, 566.549, 157.375,   0.762, 307.172,  85.326, 45,  0,   0.820, 121.562,  33.767,   0.691,  75.820,  21.061,  15.000,  25.000,   0.000,  90.000,  90.000,   13,   0.320
16:21:33:998, 28216652508232,  124.430,   15.000,  900,   3.190, 566.898, 157.472,   1.127, 307.295,  85.360, 44,  0,   0.907, 121.661,  33.795,   0.671,  75.893,  21.081,  15.000,  25.000,   0.000,  90.000,  90.000,   29,   0.000
16:21:34:117, 28216938820589,  124.550,   16.000,  900,   3.422, 567.306, 157.585,   1.212, 307.440,  85.400, 45,  0,   0.860, 121.763,  33.823,   0.722,  75.979,  21.105,  15.000,  25.000,   0.000,  90.000,  90.000,   32,   0.000
16:21:34:227, 28217202805252,  124.660,   16.000, 1100,   3.606, 567.703, 157.695,   1.398, 307.594,  85.443, 45,  0,   0.853, 121.857,  33.849,   0.740,  76.061,  21.128,  15.000,  25.000,   0.000,  90.000,  90.000,   47,   0.000
16:21:34:334, 28217460388530,  124.767,   16.000, 1100,   3.939, 568.125, 157.813,   1.706, 307.777,  85.494, 46,  0,   0.854, 121.949,  33.875,   0.784,  76.145,  21.151,  15.000,  25.000,   0.000,  90.000,  90.000,   43,   0.000
16:21:34:475, 28217821561406,  124.917,   38.000, 2800,   4.189, 568.756, 157.988,   1.957, 308.071,  85.575, 48,  0,   0.928, 122.089,  33.914,   0.717,  76.253,  21.181,  15.000,  25.000,   0.000,  90.000,  90.000,    6,   0.812
16:21:34:551, 28217978860100,  124.983,   12.000, 1200,   3.453, 568.982, 158.051,   1.362, 308.161,  85.600, 46,  0,   0.880, 122.146,  33.930,   0.648,  76.295,  21.193,  15.000,  25.000,   0.000,  90.000,  90.000,   26,   0.352
16:21:34:660, 28218241289248,  125.092,    7.000, 1900,   3.306, 569.344, 158.151,   1.167, 308.288,  85.636, 46,  0,   0.860, 122.240,  33.956,   0.688,  76.370,  21.214,  15.000,  25.000,   0.000,  90.000,  90.000,    2,   0.000
16:21:34:766, 28218495276742,  125.198,   23.000, 2700,   4.027, 569.770, 158.269,   1.924, 308.492,  85.692, 47,  0,   1.038, 122.350,  33.986,   0.641,  76.438,  21.233,  15.000,  25.000,   0.000,  90.000,  90.000,    2,   0.000
16:21:34:874, 28218755672406,  125.307,   51.000, 2700,   9.040, 570.751, 158.542,   6.749, 309.224,  85.896, 50,  0,   1.591, 122.523,  34.034,   0.666,  76.510,  21.253,  15.000,  25.000,   0.000,  90.000,  90.000,    5,   0.311
16:21:34:987, 28219025921570,  125.419,   14.000, 2500,   4.602, 571.269, 158.686,   2.419, 309.497,  85.971, 47,  0,   1.011, 122.637,  34.066,   0.687,  76.588,  21.274,  15.000,  25.000,   0.000,  90.000,  90.000,    6,   0.652
16:21:35:092, 28219277983709,  125.524,    8.000, 2300,   3.686, 571.656, 158.793,   1.528, 309.657,  86.016, 47,  0,   0.955, 122.737,  34.094,   0.667,  76.658,  21.294,  15.000,  25.000,   0.000,  90.000,  90.000,    7,   1.017
16:21:35:199, 28219534035370,  125.631,   12.000, 1100,   2.986, 571.974, 158.882,   0.868, 309.750,  86.042, 46,  0,   0.847, 122.827,  34.119,   0.650,  76.727,  21.313,  15.000,  25.000,   0.000,  90.000,  90.000,   29,   0.000
16:21:35:320, 28219825879560,  125.752,   26.000, 1000,   3.618, 572.414, 159.004,   1.431, 309.924,  86.090, 45,  0,   0.850, 122.931,  34.147,   0.725,  76.815,  21.338,  15.000,  25.000,   0.000,  90.000,  90.000,   23,   0.000
16:21:35:476, 28220201141672,  125.909,   96.000, 2700,   9.117, 573.840, 159.400,   6.696, 310.971,  86.381, 53,  0,   1.511, 123.167,  34.213,   0.731,  76.930,  21.369,  15.000,  25.000,   0.000,  90.000,  90.000,   12,   1.577
16:21:35:537, 28220345343900,  125.969,   13.000, 2300,   5.320, 574.160, 159.489,   3.024, 311.152,  86.431, 49,  0,   1.045, 123.230,  34.231,   0.710,  76.972,  21.381,  15.000,  25.000,   0.000,  90.000,  90.000,    7,   0.309
16:21:35:647, 28220610488275,  126.079,    8.000,  800,   2.630, 574.450, 159.569,   0.638, 311.223,  86.451, 46,  0,   0.783, 123.316,  34.255,   0.689,  77.048,  21.402,  15.000,  25.000,   0.000,  90.000,  90.000,    9,   0.000
16:21:35:752, 28220862487491,  126.184,   22.000,  800,   2.899, 574.755, 159.654,   0.855, 311.313,  86.476, 46,  0,   0.843, 123.405,  34.279,   0.682,  77.120,  21.422,  15.000,  25.000,   0.000,  90.000,  90.000,   41,   0.000
16:21:35:862, 28221126121918,  126.294,   16.000, 1300,   3.921, 575.185, 159.774,   1.675, 311.497,  86.527, 46,  0,   0.876, 123.501,  34.306,   0.797,  77.208,  21.447,  15.000,  25.000,   0.000,  90.000,  90.000,   46,   0.267
16:21:35:969, 28221382703613,  126.401,    9.000, 2500,   4.053, 575.619, 159.894,   1.813, 311.690,  86.581, 46,  0,   0.880, 123.595,  34.332,   0.763,  77.289,  21.469,  15.000,  25.000,   0.000,  90.000,  90.000,    8,   0.000
16:21:36:079, 28221646105282,  126.511,    6.000, 2300,   3.571, 576.010, 160.003,   1.404, 311.844,  86.623, 46,  0,   0.875, 123.691,  34.359,   0.690,  77.365,  21.490,  15.000,  25.000,   0.000,  90.000,  90.000,    1,   0.000
16:21:36:185, 28221902703174,  126.618,   13.000, 1000,   3.063, 576.338, 160.094,   0.924, 311.943,  86.651, 46,  0,   0.844, 123.781,  34.384,   0.679,  77.438,  21.510,  15.000,  25.000,   0.000,  90.000,  90.000,   27,   0.000
16:21:36:295, 28222165462635,  126.727,   18.000, 1000,   3.403, 576.711, 160.197,   1.158, 312.070,  86.686, 45,  0,   0.871, 123.877,  34.410,   0.766,  77.521,  21.534,  15.000,  25.000,   0.000,  90.000,  90.000,   44,   0.000
16:21:36:402, 28222421290900,  126.834,   17.000,  900,   3.915, 577.128, 160.313,   1.684, 312.250,  86.736, 46,  0,   0.856, 123.968,  34.436,   0.770,  77.603,  21.557,  15.000,  25.000,   0.000,  90.000,  90.000,   40,   0.000
16:21:36:523, 28222712205703,  126.955,   24.000, 2700,   5.489, 577.793, 160.498,   3.287, 312.648,  86.847, 46,  0,   0.950, 124.083,  34.468,   0.751,  77.694,  21.582,  15.000,  25.000,   0.000,  90.000,  90.000,   11,   1.470
16:21:36:633, 28222976139396,  127.065,    8.000,  800,   2.769, 578.098, 160.583,   0.752, 312.731,  86.870, 46,  0,   0.814, 124.173,  34.492,   0.654,  77.766,  21.602,  15.000,  25.000,   0.000,  90.000,  90.000,    5,   0.000
16:21:36:740, 28223233080758,  127.172,   22.000,  900,   3.048, 578.424, 160.673,   0.873, 312.824,  86.896, 46,  0,   0.894, 124.268,  34.519,   0.694,  77.841,  21.622,  15.000,  25.000,   0.000,  90.000,  90.000,   17,   0.000
16:21:36:850, 28223497449417,  127.282,   17.000,  900,   3.384, 578.797, 160.777,   1.134, 312.949,  86.930, 46,  0,   0.928, 124.371,  34.547,   0.721,  77.920,  21.645,  15.000,  25.000,   0.000,  90.000,  90.000,   34,   0.190
16:21:36:956, 28223752141295,  127.388,   17.000, 1200,   3.639, 579.183, 160.884,   1.430, 313.101,  86.972, 46,  0,   0.862, 124.462,  34.573,   0.746,  77.999,  21.666,  15.000,  25.000,   0.000,  90.000,  90.000,   49,   0.000
16:21:37:066, 28224015321367,  127.498,   40.000,  900,   3.969, 579.618, 161.005,   1.750, 313.293,  87.026, 46,  0,   0.847, 124.555,  34.599,   0.782,  78.085,  21.690,  15.000,  25.000,   0.000,  90.000,  90.000,   36,   0.000
16:21:37:185, 28224301015352,  127.617,    8.000, 2300,   4.456, 580.149, 161.152,   2.345, 313.572,  87.103, 46,  0,   1.041, 124.679,  34.633,   0.723,  78.171,  21.714,  15.000,  25.000,   0.000,  90.000,  90.000,    1,   0.000
16:21:37:299, 28224575638175,  127.732,   29.000,  800,   2.586, 580.445, 161.235,   0.622, 313.643,  87.123, 46,  0,   0.782, 124.768,  34.658,   0.672,  78.248,  21.736,  15.000,  25.000,   0.000,  90.000,  90.000,   27,   0.000
16:21:37:409, 28224837947235,  127.841,   61.000, 2700,   7.297, 581.242, 161.456,   4.927, 314.181,  87.273, 51,  0,   1.425, 124.924,  34.701,   0.737,  78.329,  21.758,  15.000,  25.000,   0.000,  90.000,  90.000,    2,   0.000
16:21:37:518, 28225099232192,  127.950,   94.000, 2700,  11.012, 582.441, 161.789,   8.523, 315.109,  87.530, 53,  0,   1.852, 125.126,  34.757,   0.663,  78.401,  21.778,  15.000,  25.000,   0.000,  90.000,  90.000,   11,   1.313
16:21:37:635, 28225380671400,  128.067,   37.000, 2300,   6.964, 583.258, 162.016,   4.675, 315.658,  87.683, 50,  0,   1.248, 125.272,  34.798,   0.667,  78.479,  21.800,  15.000,  25.000,   0.000,  90.000,  90.000,    5,   0.466
16:21:37:758, 28225677463400,  128.191,    7.000, 2300,   3.507, 583.691, 162.136,   1.382, 315.828,  87.730, 47,  0,   0.891, 125.382,  34.828,   0.644,  78.559,  21.822,  15.000,  25.000,   0.000,  90.000,  90.000,    4,   0.531
16:21:37:867, 28225938809811,  128.300,    6.000, 2300,   3.298, 584.050, 162.236,   1.179, 315.957,  87.766, 47,  0,   0.886, 125.479,  34.855,   0.652,  78.630,  21.842,  15.000,  25.000,   0.000,  90.000,  90.000,    6,   0.606
16:21:37:966, 28226175125417,  128.398,    6.000, 2300,   3.202, 584.366, 162.324,   1.113, 316.066,  87.796, 46,  0,   0.863, 125.564,  34.879,   0.634,  78.692,  21.859,  15.000,  25.000,   0.000,  90.000,  90.000,    1,   0.000
16:21:38:078, 28226445519147,  128.511,   22.000, 2300,   4.863, 584.914, 162.476,   2.669, 316.367,  87.880, 47,  0,   1.092, 125.687,  34.913,   0.658,  78.766,  21.880,  15.000,  25.000,   0.000,  90.000,  90.000,    8,   0.923
16:21:38:190, 28226712276424,  128.622,    5.000, 2300,   3.338, 585.285, 162.579,   1.233, 316.504,  87.918, 46,  0,   0.860, 125.782,  34.940,   0.635,  78.837,  21.899,  15.000,  25.000,   0.000,  90.000,  90.000,    1,   0.000
16:21:38:299, 28226976302314,  128.732,   14.000, 1100,   2.994, 585.614, 162.671,   0.903, 316.604,  87.945, 46,  0,   0.849, 125.876,  34.966,   0.634,  78.907,  21.919,  15.000,  25.000,   0.000,  90.000,  90.000,   35,   0.000
16:21:38:405, 28227228931220,  128.837,   16.000, 1200,   3.816, 586.016, 162.782,   1.596, 316.772,  87.992, 46,  0,   0.848, 125.965,  34.990,   0.775,  78.988,  21.941,  15.000,  25.000,   0.000,  90.000,  90.000,   44,   0.000
16:21:38:516, 28227495673854,  128.948,   33.000, 2700,   6.167, 586.701, 162.973,   3.919, 317.207,  88.113, 49,  0,   1.032, 126.080,  35.022,   0.747,  79.071,  21.964,  15.000,  25.000,   0.000,  90.000,  90.000,   15,   1.863
16:21:38:638, 28227787152584,  129.070,    6.000, 2300,   3.658, 587.145, 163.096,   1.510, 317.391,  88.164, 47,  0,   0.875, 126.186,  35.052,   0.638,  79.149,  21.986,  15.000,  25.000,   0.000,  90.000,  90.000,    1,   0.000
16:21:38:745, 28228044611409,  129.177,    8.000, 2300,   3.283, 587.498, 163.194,   1.192, 317.518,  88.200, 46,  0,   0.864, 126.279,  35.077,   0.646,  79.218,  22.005,  15.000,  25.000,   0.000,  90.000,  90.000,    2,   0.000
16:21:38:865, 28228334110896,  129.298,    7.000, 2700,   3.700, 587.944, 163.318,   1.552, 317.706,  88.252, 47,  0,   0.927, 126.391,  35.109,   0.652,  79.297,  22.027,  15.000,  25.000,   0.000,  90.000,  90.000,    4,   0.205
16:21:38:976, 28228598689322,  129.408,    7.000, 2300,   3.683, 588.350, 163.431,   1.553, 317.877,  88.299, 46,  0,   0.883, 126.488,  35.136,   0.663,  79.370,  22.047,  15.000,  25.000,   0.000,  90.000,  90.000,    1,   0.000
16:21:39:086, 28228863441914,  129.518,    6.000, 2300,   3.290, 588.713, 163.531,   1.192, 318.008,  88.336, 46,  0,   0.884, 126.586,  35.163,   0.645,  79.441,  22.067,  15.000,  25.000,   0.000,  90.000,  90.000,    1,   0.000
16:21:39:191, 28229116648057,  129.624,   13.000, 1000,   2.972, 589.026, 163.618,   0.850, 318.098,  88.361, 46,  0,   0.857, 126.676,  35.188,   0.634,  79.508,  22.086,  15.000,  25.000,   0.000,  90.000,  90.000,   29,   0.000
16:21:39:301, 28229380490050,  129.734,   27.000, 2700,   3.854, 589.450, 163.736,   1.673, 318.282,  88.412, 46,  0,   0.945, 126.780,  35.217,   0.730,  79.588,  22.108,  15.000,  25.000,   0.000,  90.000,  90.000,    1,   0.000
16:21:39:414, 28229650545899,  129.846,   24.000, 1200,   4.867, 589.998, 163.888,   2.817, 318.599,  88.500, 46,  0,   1.043, 126.897,  35.249,   0.663,  79.663,  22.129,  15.000,  25.000,   0.000,  90.000,  90.000,   40,   0.000
16:21:39:519, 28229902954732,  129.951,   53.000, 2700,   6.274, 590.658, 164.072,   4.030, 319.023,  88.617, 51,  0,   1.014, 127.004,  35.279,   0.806,  79.748,  22.152,  15.000,  25.000,   0.000,  90.000,  90.000,   14,   1.553
16:21:39:640, 28230194047823,  130.073,   22.000,  800,   5.469, 591.321, 164.256,   3.274, 319.420,  88.728, 47,  0,   1.011, 127.126,  35.313,   0.685,  79.831,  22.175,  15.000,  25.000,   0.000,  90.000,  90.000,   25,   0.003
16:21:39:753, 28230465852176,  130.186,   26.000,  900,   3.083, 591.670, 164.353,   1.021, 319.536,  88.760, 46,  0,   0.850, 127.223,  35.340,   0.751,  79.916,  22.199,  15.000,  25.000,   0.000,  90.000,  90.000,   39,   1.119
16:21:39:857, 28230714260951,  130.289,    6.000, 2400,   4.265, 592.111, 164.475,   1.987, 319.741,  88.817, 46,  0,   0.942, 127.320,  35.367,   0.765,  79.995,  22.221,  15.000,  25.000,   0.000,  90.000,  90.000,    9,   0.864
16:21:39:969, 28230982242566,  130.401,   29.000, 1000,   3.668, 592.521, 164.589,   1.461, 319.904,  88.862, 46,  0,   1.047, 127.437,  35.399,   0.681,  80.071,  22.242,  15.000,  25.000,   0.000,  90.000,  90.000,   32,   0.745
16:21:40:089, 28231271153466,  130.521,   50.000, 2700,   7.226, 593.391, 164.831,   4.837, 320.487,  89.024, 50,  0,   1.295, 127.593,  35.443,   0.752,  80.162,  22.267,  15.000,  25.000,   0.000,  90.000,  90.000,    2,   0.000
16:21:40:201, 28231539798801,  130.633,   36.000, 2700,   8.237, 594.313, 165.087,   5.863, 321.143,  89.206, 50,  0,   1.400, 127.750,  35.486,   0.702,  80.240,  22.289,  15.000,  25.000,   0.000,  90.000,  90.000,    4,   0.400
16:21:40:315, 28231813355170,  130.747,    5.000, 2300,   3.391, 594.699, 165.194,   1.266, 321.287,  89.246, 47,  0,   0.864, 127.848,  35.513,   0.682,  80.318,  22.311,  15.000,  25.000,   0.000,  90.000,  90.000,    1,   0.000
16:21:40:442, 28232118615681,  130.874,   13.000, 1100,   3.137, 595.098, 165.305,   0.981, 321.412,  89.281, 46,  0,   0.880, 127.960,  35.544,   0.677,  80.404,  22.334,  15.000,  25.000,   0.000,  90.000,  90.000,   25,   0.000
16:21:40:553, 28232383461458,  130.985,   17.000, 2700,   5.263, 595.679, 165.466,   3.008, 321.744,  89.373, 47,  0,   0.927, 128.062,  35.573,   0.777,  80.490,  22.358,  15.000,  25.000,   0.000,  90.000,  90.000,   13,   1.463
16:21:40:658, 28232636695739,  131.090,   14.000, 1100,   3.080, 596.004, 165.557,   0.931, 321.842,  89.401, 46,  0,   0.861, 128.153,  35.598,   0.672,  80.561,  22.378,  15.000,  25.000,   0.000,  90.000,  90.000,   29,   0.000
16:21:40:768, 28232900339006,  131.200,   21.000, 1100,   3.904, 596.433, 165.676,   1.692, 322.028,  89.452, 46,  0,   0.944, 128.257,  35.627,   0.738,  80.642,  22.400,  15.000,  25.000,   0.000,  90.000,  90.000,   22,   0.000
16:21:40:876, 28233159636208,  131.308,   14.000,  900,   3.269, 596.786, 165.774,   1.078, 322.145,  89.485, 46,  0,   0.905, 128.355,  35.654,   0.695,  80.717,  22.421,  15.000,  25.000,   0.000,  90.000,  90.000,   21,   0.227
16:21:40:984, 28233419822927,  131.417,    8.000, 1300,   3.413, 597.156, 165.877,   1.240, 322.279,  89.522, 46,  0,   0.868, 128.449,  35.680,   0.688,  80.791,  22.442,  15.000,  25.000,   0.000,  90.000,  90.000,    9,   0.000
16:21:41:091, 28233675361282,  131.523,   16.000, 1300,   2.941, 597.469, 165.964,   0.809, 322.365,  89.546, 45,  0,   0.847, 128.539,  35.705,   0.676,  80.863,  22.462,  15.000,  25.000,   0.000,  90.000,  90.000,   40,   0.000
16:21:41:201, 28233939283685,  131.633,    5.000, 2700,   4.017, 597.911, 166.086,   1.784, 322.561,  89.600, 46,  0,   0.876, 128.635,  35.732,   0.763,  80.947,  22.485,  15.000,  25.000,   0.000,  90.000,  90.000,  115,   0.000
16:21:41:307, 28234193855238,  131.739,    8.000, 1600,   3.073, 598.237, 166.177,   0.974, 322.665,  89.629, 45,  0,   0.860, 128.727,  35.757,   0.643,  81.016,  22.504,  15.000,  25.000,   0.000,  90.000,  90.000,    1,   0.000
16:21:41:417, 28234457099767,  131.849,    6.000, 1600,   2.936, 598.559, 166.266,   0.797, 322.752,  89.653, 45,  0,   0.862, 128.821,  35.784,   0.657,  81.088,  22.524,  15.000,  25.000,   0.000,  90.000,  90.000,    1,   0.000
16:21:41:539, 28234751576185,  131.972,   31.000, 2700,   4.380, 599.097, 166.416,   2.217, 323.024,  89.729, 47,  0,   0.989, 128.943,  35.817,   0.662,  81.169,  22.547,  15.000,  25.000,   0.000,  90.000,  90.000,   10,   1.002
16:21:41:645, 28235004672767,  132.077,   23.000, 1100,   4.525, 599.574, 166.548,   2.499, 323.288,  89.802, 46,  0,   1.025, 129.051,  35.847,   0.664,  81.239,  22.566,  15.000,  25.000,   0.000,  90.000,  90.000,   43,   0.000
16:21:41:749, 28235254261211,  132.181,   11.000, 2700,   3.948, 599.984, 166.662,   1.768, 323.471,  89.853, 46,  0,   0.876, 129.142,  35.873,   0.819,  81.324,  22.590,  15.000,  25.000,   0.000,  90.000,  90.000,   16,   2.306
16:21:41:860, 28235522395947,  132.293,   13.000,  900,   3.188, 600.341, 166.761,   1.212, 323.607,  89.891, 46,  0,   0.858, 129.238,  35.899,   0.647,  81.396,  22.610,  15.000,  25.000,   0.000,  90.000,  90.000,   11,   0.079
16:21:41:971, 28235787629284,  132.403,   18.000,  900,   2.821, 600.652, 166.848,   0.777, 323.693,  89.915, 45,  0,   0.870, 129.334,  35.926,   0.665,  81.470,  22.630,  15.000,  25.000,   0.000,  90.000,  90.000,   31,   0.575
16:21:42:077, 28236042889966,  132.510,    5.000, 2500,   3.734, 601.049, 166.958,   1.540, 323.857,  89.960, 46,  0,   0.853, 129.424,  35.951,   0.707,  81.545,  22.651,  15.000,  25.000,   0.000,  90.000,  90.000,    2,   0.000
16:21:42:188, 28236307894580,  132.620,   13.000, 1000,   3.098, 601.392, 167.053,   1.015, 323.969,  89.991, 45,  0,   0.861, 129.520,  35.978,   0.630,  81.614,  22.671,  15.000,  25.000,   0.000,  90.000,  90.000,   27,   0.000
16:21:42:293, 28236561281434,  132.726,   20.000, 1000,   3.683, 601.780, 167.161,   1.493, 324.126,  90.035, 46,  0,   0.863, 129.611,  36.003,   0.723,  81.691,  22.692,  15.000,  25.000,   0.000,  90.000,  90.000,   47,   0.000
16:21:42:404, 28236827582905,  132.837,    9.000, 1300,   3.863, 602.209, 167.280,   1.634, 324.308,  90.085, 46,  0,   0.874, 129.708,  36.030,   0.755,  81.774,  22.715,  15.000,  25.000,   0.000,  90.000,  90.000,   17,   0.000
16:21:42:510, 28237097275034,  132.949,   39.000, 2000,   3.949, 602.653, 167.404,   1.818, 324.512,  90.142, 47,  0,   0.946, 129.814,  36.059,   0.672,  81.850,  22.736,  15.000,  25.000,   0.000,  90.000,  90.000,    8,   1.134
16:21:42:620, 28237345443880,  133.052,   14.000,  900,   2.555, 602.917, 167.477,   0.637, 324.578,  90.161, 45,  0,   0.784, 129.895,  36.082,   0.635,  81.916,  22.754,  15.000,  25.000,   0.000,  90.000,  90.000,   38,   0.185
16:21:42:742, 28237638133219,  133.174,    5.000, 2500,   3.762, 603.376, 167.604,   1.599, 324.773,  90.215, 46,  0,   0.860, 130.000,  36.111,   0.737,  82.006,  22.779,  15.000,  25.000,   0.000,  90.000,  90.000,  118,   0.000
16:21:42:848, 28237892271458,  133.280,   16.000,  900,   3.426, 603.738, 167.705,   1.329, 324.914,  90.254, 46,  0,   0.872, 130.092,  36.137,   0.627,  82.072,  22.798,  15.000,  25.000,   0.000,  90.000,  90.000,   11,   0.000
16:21:42:966, 28238175622399,  133.398,    5.000, 2300,   3.546, 604.157, 167.821,   1.359, 325.074,  90.298, 46,  0,   0.942, 130.203,  36.168,   0.684,  82.153,  22.820,  15.000,  25.000,   0.000,  90.000,  90.000,    4,   0.376
16:21:43:080, 28238449272815,  133.512,    6.000, 2300,   3.286, 604.532, 167.925,   1.187, 325.209,  90.336, 46,  0,   0.873, 130.303,  36.195,   0.639,  82.226,  22.840,  15.000,  25.000,   0.000,  90.000,  90.000,    3,   0.030
16:21:43:190, 28238713557916,  133.622,    5.000, 2300,   3.244, 604.889, 168.025,   1.114, 325.332,  90.370, 46,  0,   0.877, 130.399,  36.222,   0.631,  82.295,  22.860,  15.000,  25.000,   0.000,  90.000,  90.000,    1,   0.000
16:21:43:295, 28238966630790,  133.728,   12.000, 1100,   3.075, 605.213, 168.115,   0.998, 325.437,  90.399, 46,  0,   0.857, 130.490,  36.247,   0.637,  82.362,  22.878,  15.000,  25.000,   0.000,  90.000,  90.000,   29,   0.000
16:21:43:406, 28239232193368,  133.838,   17.000, 1100,   3.631, 605.615, 168.226,   1.446, 325.597,  90.444, 46,  0,   0.855, 130.584,  36.273,   0.713,  82.441,  22.900,  15.000,  25.000,   0.000,  90.000,  90.000,   44,   0.000
16:21:43:512, 28239486588071,  133.944,   27.000, 2700,   5.625, 606.211, 168.392,   3.350, 325.952,  90.542, 48,  0,   0.950, 130.685,  36.301,   0.772,  82.523,  22.923,  15.000,  25.000,   0.000,  90.000,  90.000,   17,   2.123
16:21:43:622, 28239751318334,  134.055,   15.000, 1100,   3.060, 606.549, 168.486,   0.968, 326.059,  90.572, 46,  0,   0.854, 130.779,  36.328,   0.638,  82.593,  22.943,  15.000,  25.000,   0.000,  90.000,  90.000,   36,   0.000
16:21:43:744, 28240043806452,  134.177,   23.000, 1100,   3.784, 607.010, 168.614,   1.576, 326.251,  90.625, 46,  0,   0.865, 130.885,  36.357,   0.743,  82.684,  22.968,  15.000,  25.000,   0.000,  90.000,  90.000,   35,   0.000
16:21:43:866, 28240336615460,  134.299,    8.000,  900,   3.341, 607.418, 168.727,   1.251, 326.404,  90.668, 46,  0,   0.846, 130.988,  36.386,   0.709,  82.770,  22.992,  15.000,  25.000,   0.000,  90.000,  90.000,    3,   0.000
16:21:43:976, 28240599081432,  134.408,   28.000,  800,   2.847, 607.729, 168.814,   0.810, 326.492,  90.692, 46,  0,   0.873, 131.083,  36.412,   0.637,  82.840,  23.011,  15.000,  25.000,   0.000,  90.000,  90.000,   36,   0.295
16:21:44:074, 28240834117987,  134.506,   22.000, 2700,   5.052, 608.224, 168.951,   3.210, 326.807,  90.780, 47,  0,   1.126, 131.194,  36.443,   0.391,  82.878,  23.022,  15.000,  25.000,   0.000,  90.000,  90.000,    3,   0.000
16:21:44:192, 28241119323209,  134.625,    6.000, 2400,   2.365, 608.505, 169.029,   0.886, 326.912,  90.809, 46,  0,   0.936, 131.305,  36.474,   0.012,  82.880,  23.022,  15.000,  25.000,   0.000,  90.000,  90.000,    1,   0.000
16:21:44:298, 28241373727420,  134.731,    7.000, 2300,   3.674, 608.894, 169.137,   1.532, 327.074,  90.854, 46,  0,   0.928, 131.403,  36.501,   0.655,  82.949,  23.041,  15.000,  25.000,   0.000,  90.000,  90.000,    8,   0.992
16:21:44:408, 28241637889235,  134.841,   14.000, 1000,   2.977, 609.222, 169.228,   0.883, 327.171,  90.881, 45,  0,   0.855, 131.497,  36.527,   0.638,  83.019,  23.061,  15.000,  25.000,   0.000,  90.000,  90.000,   25,   0.000
16:21:44:515, 28241928307956,  134.962,   32.000, 1800,   4.053, 609.712, 169.364,   1.892, 327.400,  90.945, 47,  0,   0.916, 131.608,  36.558,   0.720,  83.107,  23.085,  15.000,  25.000,   0.000,  90.000,  90.000,   11,   1.681
16:21:44:625, 28242157186456,  135.057,   12.000, 1200,   3.251, 610.022, 169.451,   1.146, 327.510,  90.975, 46,  0,   0.860, 131.690,  36.581,   0.646,  83.168,  23.102,  15.000,  25.000,   0.000,  90.000,  90.000,   31,   0.234
16:21:44:746, 28242448099083,  135.178,   15.000, 1200,   3.589, 610.457, 169.571,   1.414, 327.681,  91.023, 46,  0,   0.860, 131.794,  36.610,   0.696,  83.253,  23.126,  15.000,  25.000,   0.000,  90.000,  90.000,   20,   0.000
16:21:44:870, 28242744521552,  135.302,   19.000, 1200,   3.707, 610.915, 169.699,   1.534, 327.871,  91.075, 46,  0,   0.905, 131.906,  36.641,   0.696,  83.339,  23.150,  15.000,  25.000,   0.000,  90.000,  90.000,   18,   0.094
16:21:44:982, 28243015277031,  135.415,   20.000, 1200,   4.358, 611.407, 169.835,   2.142, 328.112,  91.142, 46,  0,   1.067, 132.027,  36.674,   0.678,  83.415,  23.171,  15.000,  25.000,   0.000,  90.000,  90.000,   36,   0.823
16:21:45:101, 28243300403828,  135.534,   16.000,  800,   3.259, 611.794, 169.943,   1.179, 328.252,  91.181, 46,  0,   0.815, 132.123,  36.701,   0.715,  83.500,  23.194,  15.000,  25.000,   0.000,  90.000,  90.000,   31,   0.000
16:21:45:211, 28243563655143,  135.643,   16.000,  900,   3.245, 612.150, 170.042,   1.121, 328.375,  91.215, 46,  0,   0.859, 132.218,  36.727,   0.715,  83.578,  23.216,  15.000,  25.000,   0.000,  90.000,  90.000,   44,   0.000
16:21:45:318, 28243820332918,  135.750,   33.000, 1100,   3.747, 612.551, 170.153,   1.544, 328.540,  91.261, 46,  0,   0.857, 132.309,  36.753,   0.741,  83.658,  23.238,  15.000,  25.000,   0.000,  90.000,  90.000,   52,   0.000
16:21:45:426, 28244078756384,  135.858,   45.000, 2700,   6.845, 613.288, 170.358,   4.494, 329.024,  91.396, 49,  0,   1.236, 132.442,  36.790,   0.764,  83.740,  23.261,  15.000,  25.000,   0.000,  90.000,  90.000,    7,   0.000
16:21:45:531, 28244332312462,  135.964,   60.000, 2300,   9.573, 614.299, 170.639,   7.174, 329.782,  91.606, 51,  0,   1.480, 132.599,  36.833,   0.664,  83.810,  23.281,  15.000,  25.000,   0.000,  90.000,  90.000,    8,   0.928
16:21:45:655, 28244629319450,  136.087,   16.000, 1000,   3.256, 614.702, 170.751,   1.161, 329.926,  91.646, 47,  0,   0.859, 132.705,  36.862,   0.639,  83.889,  23.303,  15.000,  25.000,   0.000,  90.000,  90.000,   33,   0.088
16:21:45:765, 28244892310140,  136.197,   12.000, 1600,   4.025, 615.143, 170.873,   1.771, 330.120,  91.700, 47,  0,   0.915, 132.805,  36.890,   0.752,  83.972,  23.325,  15.000,  25.000,   0.000,  90.000,  90.000,    3,   0.000
16:21:45:872, 28245151017368,  136.305,   18.000, 1000,   3.019, 615.468, 170.963,   0.893, 330.216,  91.727, 46,  0,   0.892, 132.901,  36.917,   0.640,  84.041,  23.345,  15.000,  25.000,   0.000,  90.000,  90.000,   30,   0.175
16:21:45:981, 28245411558823,  136.413,   17.000, 1100,   3.639, 615.863, 171.073,   1.449, 330.373,  91.770, 46,  0,   0.872, 132.996,  36.943,   0.731,  84.120,  23.367,  15.000,  25.000,   0.000,  90.000,  90.000,   48,   0.000
16:21:46:103, 28245705250994,  136.536,    7.000, 1100,   3.803, 616.329, 171.202,   1.555, 330.564,  91.823, 46,  0,   0.860, 133.101,  36.973,   0.763,  84.213,  23.393,  15.000,  25.000,   0.000,  90.000,  90.000,    2,   0.000
16:21:46:211, 28245964320512,  136.644,   32.000,  900,   2.842, 616.635, 171.288,   0.744, 330.644,  91.846, 45,  0,   0.867, 133.195,  36.999,   0.639,  84.282,  23.412,  15.000,  25.000,   0.000,  90.000,  90.000,   19,   0.000
16:21:46:314, 28246209890378,  136.746,   15.000, 2700,   4.715, 617.118, 171.422,   2.603, 330.910,  91.920, 46,  0,   1.179, 133.316,  37.032,   0.689,  84.353,  23.431,  15.000,  25.000,   0.000,  90.000,  90.000,    2,   0.000
16:21:46:424, 28246474252053,  136.856,    5.000, 2300,   3.294, 617.481, 171.522,   1.160, 331.038,  91.955, 46,  0,   0.880, 133.412,  37.059,   0.675,  84.427,  23.452,  15.000,  25.000,   0.000,  90.000,  90.000,    7,   1.013
16:21:46:531, 28246732260603,  136.963,   39.000, 2700,   5.302, 618.051, 171.681,   3.107, 331.372,  92.048, 48,  0,   1.028, 133.523,  37.090,   0.666,  84.499,  23.472,  15.000,  25.000,   0.000,  90.000,  90.000,   12,   1.801
16:21:46:657, 28247034440447,  137.089,   13.000, 1000,   3.389, 618.477, 171.799,   1.280, 331.533,  92.093, 46,  0,   0.861, 133.631,  37.120,   0.647,  84.580,  23.495,  15.000,  25.000,   0.000,  90.000,  90.000,   28,   0.114
16:21:46:767, 28247297425977,  137.199,   24.000,  900,   3.566, 618.868, 171.908,   1.374, 331.684,  92.134, 45,  0,   0.884, 133.728,  37.147,   0.727,  84.660,  23.517,  15.000,  25.000,   0.000,  90.000,  90.000,   22,   0.000
16:21:46:873, 28247552781848,  137.305,   17.000,  900,   3.313, 619.221, 172.006,   1.117, 331.803,  92.167, 45,  0,   0.912, 133.825,  37.174,   0.683,  84.733,  23.537,  15.000,  25.000,   0.000,  90.000,  90.000,   16,   0.102
16:21:46:982, 28247814843918,  137.415,   15.000,  900,   3.003, 619.549, 172.097,   0.876, 331.898,  92.194, 45,  0,   0.881, 133.922,  37.200,   0.660,  84.805,  23.557,  15.000,  25.000,   0.000,  90.000,  90.000,   31,   0.271
16:21:47:090, 28248073285352,  137.522,   11.000, 1200,   3.545, 619.930, 172.203,   1.367, 332.046,  92.235, 46,  0,   0.843, 134.012,  37.226,   0.726,  84.883,  23.579,  15.000,  25.000,   0.000,  90.000,  90.000,   22,   0.000
16:21:47:199, 28248335027464,  137.631,    5.000, 1900,   3.212, 620.281, 172.300,   1.052, 332.160,  92.267, 46,  0,   0.861, 134.106,  37.252,   0.677,  84.957,  23.599,  15.000,  25.000,   0.000,  90.000,  90.000,    2,   0.000
16:21:47:321, 28248628407579,  137.754,   30.000,  800,   3.000, 620.647, 172.402,   0.903, 332.271,  92.297, 46,  0,   0.894, 134.216,  37.282,   0.631,  85.034,  23.621,  15.000,  25.000,   0.000,  90.000,  90.000,   21,   0.000
16:21:47:418, 28248860584782,  137.850,   58.000, 2700,   7.250, 621.349, 172.597,   4.963, 332.751,  92.431, 50,  0,   1.402, 134.351,  37.320,   0.707,  85.102,  23.639,  15.000,  25.000,   0.000,  90.000,  90.000,    2,   0.000
16:21:47:532, 28249132963012,  137.964,   94.000, 2700,  11.079, 622.606, 172.946,   8.578, 333.724,  92.701, 53,  0,   1.836, 134.559,  37.378,   0.658,  85.177,  23.660,  15.000,  25.000,   0.000,  90.000,  90.000,    9,   0.915
16:21:47:640, 28249393129496,  138.072,   36.000, 2300,   6.527, 623.314, 173.143,   4.403, 334.202,  92.834, 49,  0,   1.120, 134.681,  37.411,   0.641,  85.246,  23.680,  15.000,  25.000,   0.000,  90.000,  90.000,    2,   0.003
16:21:47:755, 28249670006801,  138.188,   33.000,  900,   2.526, 623.605, 173.224,   0.599, 334.271,  92.853, 47,  0,   0.754, 134.768,  37.436,   0.662,  85.323,  23.701,  15.000,  25.000,   0.000,  90.000,  90.000,   29,   0.000
16:21:47:855, 28249910132176,  138.288,   22.000, 1100,   4.718, 624.077, 173.355,   2.576, 334.529,  92.925, 47,  0,   1.016, 134.870,  37.464,   0.743,  85.397,  23.721,  15.000,  25.000,   0.000,  90.000,  90.000,   46,   0.000
16:21:47:974, 28250194395123,  138.406,   17.000, 1100,   3.566, 624.499, 173.472,   1.357, 334.689,  92.969, 46,  0,   0.926, 134.979,  37.494,   0.708,  85.481,  23.745,  15.000,  25.000,   0.000,  90.000,  90.000,   34,   0.336
16:21:48:081, 28250452305264,  138.514,   31.000, 1300,   5.395, 625.079, 173.633,   3.099, 335.022,  93.062, 47,  0,   1.095, 135.097,  37.527,   0.739,  85.560,  23.767,  15.000,  25.000,   0.000,  90.000,  90.000,   58,   0.662
16:21:48:186, 28250704643468,  138.619,    6.000, 2700,   4.360, 625.537, 173.760,   2.076, 335.241,  93.122, 47,  0,   0.906, 135.192,  37.553,   0.807,  85.645,  23.790,  15.000,  25.000,   0.000,  90.000,  90.000,    3,   0.000
16:21:48:292, 28250958074532,  138.724,   14.000, 1000,   3.120, 625.867, 173.852,   0.999, 335.346,  93.152, 46,  0,   0.844, 135.281,  37.578,   0.673,  85.716,  23.810,  15.000,  25.000,   0.000,  90.000,  90.000,   42,   0.000
16:21:48:402, 28251223077091,  138.835,   16.000, 1200,   3.881, 626.295, 173.971,   1.616, 335.524,  93.201, 46,  0,   0.861, 135.376,  37.605,   0.792,  85.804,  23.834,  15.000,  25.000,   0.000,  90.000,  90.000,   46,   0.000
16:21:48:524, 28251513627696,  138.956,   50.000, 2700,   5.568, 626.970, 174.158,   3.307, 335.925,  93.312, 49,  0,   0.990, 135.496,  37.638,   0.759,  85.896,  23.860,  15.000,  25.000,   0.000,  90.000,  90.000,   11,   1.252
16:21:48:629, 28251766232243,  139.061,   25.000,  900,   5.304, 627.528, 174.313,   3.260, 336.268,  93.408, 47,  0,   1.117, 135.614,  37.671,   0.633,  85.962,  23.878,  15.000,  25.000,   0.000,  90.000,  90.000,   17,   0.000
16:21:48:755, 28252069866266,  139.187,   25.000,  900,   3.194, 627.932, 174.426,   1.050, 336.401,  93.445, 46,  0,   0.899, 135.728,  37.702,   0.664,  86.046,  23.902,  15.000,  25.000,   0.000,  90.000,  90.000,   26,   0.000
16:21:48:861, 28252323610707,  139.293,    5.000, 2700,   3.986, 628.353, 174.543,   1.768, 336.588,  93.497, 46,  0,   0.973, 135.831,  37.731,   0.729,  86.123,  23.923,  15.000,  25.000,   0.000,  90.000,  90.000,    6,   0.701
16:21:48:972, 28252589442259,  139.404,    8.000, 2300,   3.794, 628.774, 174.659,   1.649, 336.770,  93.547, 46,  0,   0.927, 135.933,  37.759,   0.657,  86.196,  23.943,  15.000,  25.000,   0.000,  90.000,  90.000,    9,   1.213
16:21:49:075, 28252837226534,  139.507,   41.000, 2200,   4.261, 629.214, 174.782,   2.094, 336.987,  93.607, 48,  0,   1.092, 136.046,  37.791,   0.627,  86.261,  23.961,  15.000,  25.000,   0.000,  90.000,  90.000,   18,   0.000
16:21:49:199, 28253134664039,  139.631,   50.000, 2700,   8.897, 630.316, 175.088,   6.651, 337.811,  93.836, 53,  0,   1.456, 136.226,  37.841,   0.684,  86.346,  23.985,  15.000,  25.000,   0.000,  90.000,  90.000,    4,   0.408
16:21:49:310, 28253400375448,  139.742,   25.000, 1200,   5.221, 630.894, 175.248,   3.031, 338.146,  93.930, 48,  0,   1.058, 136.344,  37.873,   0.627,  86.415,  24.004,  15.000,  25.000,   0.000,  90.000,  90.000,   17,   0.000
16:21:49:422, 28253669653871,  139.854,   11.000, 1100,   3.406, 631.276, 175.355,   1.280, 338.290,  93.969, 46,  0,   0.852, 136.439,  37.900,   0.675,  86.491,  24.025,  15.000,  25.000,   0.000,  90.000,  90.000,   23,   0.000
16:21:49:525, 28253918450832,  139.958,   47.000, 2700,   5.077, 631.803, 175.501,   2.847, 338.585,  94.051, 49,  0,   1.011, 136.544,  37.929,   0.723,  86.566,  24.046,  15.000,  25.000,   0.000,  90.000,  90.000,   15,   1.878
16:21:49:638, 28254187910313,  140.070,   10.000, 1100,   3.633, 632.211, 175.614,   1.538, 338.758,  94.099, 47,  0,   0.886, 136.643,  37.957,   0.636,  86.637,  24.066,  15.000,  25.000,   0.000,  90.000,  90.000,   26,   0.209
16:21:49:760, 28254481672298,  140.192,   14.000,  900,   2.928, 632.569, 175.714,   0.956, 338.875,  94.132, 46,  0,   0.801, 136.741,  37.984,   0.688,  86.721,  24.089,  15.000,  25.000,   0.000,  90.000,  90.000,   18,   0.000
16:21:49:880, 28254769818367,  140.312,   25.000,  900,   2.670, 632.889, 175.803,   0.734, 338.963,  94.156, 45,  0,   0.775, 136.834,  38.010,   0.664,  86.801,  24.111,  15.000,  25.000,   0.000,  90.000,  90.000,   16,   0.004
16:21:49:982, 28255014057726,  140.414,   18.000, 1800,   3.671, 633.263, 175.906,   1.633, 339.129,  94.203, 46,  0,   0.964, 136.933,  38.037,   0.693,  86.871,  24.131,  15.000,  25.000,   0.000,  90.000,  90.000,   11,   1.274
16:21:50:097, 28255290924559,  140.530,   44.000, 1900,   3.658, 633.685, 176.024,   1.473, 339.299,  94.250, 46,  0,   1.063, 137.055,  38.071,   0.631,  86.944,  24.151,  15.000,  25.000,   0.000,  90.000,  90.000,    1,   0.000
16:21:50:208, 28255556694296,  140.640,    7.000, 1800,   3.090, 634.027, 176.119,   0.992, 339.409,  94.280, 45,  0,   0.861, 137.151,  38.097,   0.632,  87.014,  24.171,  15.000,  25.000,   0.000,  90.000,  90.000,    1,   0.000
16:21:50:317, 28255818055508,  140.749,    6.000, 1800,   2.893, 634.342, 176.206,   0.830, 339.499,  94.305, 45,  0,   0.837, 137.242,  38.123,   0.633,  87.083,  24.190,  15.000,  25.000,   0.000,  90.000,  90.000,    1,   0.000
16:21:50:436, 28256102626401,  140.868,   29.000,  900,   4.559, 634.883, 176.356,   2.365, 339.780,  94.383, 46,  0,   1.084, 137.370,  38.158,   0.637,  87.159,  24.211,  15.000,  25.000,   0.000,  90.000,  90.000,   23,   0.000
16:21:50:561, 28256404061784,  140.993,   20.000,  900,   5.057, 635.518, 176.533,   2.834, 340.136,  94.482, 47,  0,   0.923, 137.486,  38.191,   0.721,  87.249,  24.236,  15.000,  25.000,   0.000,  90.000,  90.000,   36,   0.734
16:21:50:681, 28256691470244,  141.113,   14.000, 1000,   3.669, 635.957, 176.655,   1.505, 340.316,  94.532, 46,  0,   0.852, 137.588,  38.219,   0.720,  87.335,  24.260,  15.000,  25.000,   0.000,  90.000,  90.000,   33,   0.000
16:21:50:778, 28256924540052,  141.210,   18.000, 1200,   3.916, 636.338, 176.760,   1.686, 340.480,  94.578, 46,  0,   0.926, 137.678,  38.244,   0.731,  87.406,  24.280,  15.000,  25.000,   0.000,  90.000,  90.000,   25,   0.000
16:21:50:898, 28257211984766,  141.330,    6.000, 2100,   3.247, 636.726, 176.868,   1.103, 340.612,  94.614, 46,  0,   0.862, 137.781,  38.273,   0.671,  87.487,  24.302,  15.000,  25.000,   0.000,  90.000,  90.000,    2,   0.000
16:21:51:009, 28257479865783,  141.442,    5.000, 2100,   3.176, 637.081, 176.967,   1.054, 340.729,  94.647, 45,  0,   0.886, 137.880,  38.300,   0.640,  87.558,  24.322,  15.000,  25.000,   0.000,  90.000,  90.000,    4,   0.215
16:21:51:104, 28257705907701,  141.536,   34.000, 2700,   4.882, 637.541, 177.095,   2.761, 340.989,  94.719, 47,  0,   1.212, 137.994,  38.332,   0.655,  87.620,  24.339,  15.000,  25.000,   0.000,  90.000,  90.000,    3,   0.033
16:21:51:226, 28257999922386,  141.658,    6.000, 2300,   3.388, 637.956, 177.210,   1.334, 341.153,  94.765, 45,  0,   0.854, 138.099,  38.361,   0.648,  87.699,  24.361,  15.000,  25.000,   0.000,  90.000,  90.000,    1,   0.000
16:21:51:337, 28258265880738,  141.769,   10.000, 1100,   3.072, 638.296, 177.305,   0.996, 341.263,  94.795, 45,  0,   0.838, 138.192,  38.387,   0.639,  87.770,  24.381,  15.000,  25.000,   0.000,  90.000,  90.000,   24,   0.000
16:21:51:442, 28258517568571,  141.874,    7.000, 2300,   3.909, 638.706, 177.418,   1.680, 341.439,  94.844, 45,  0,   0.928, 138.289,  38.414,   0.739,  87.848,  24.402,  15.000,  25.000,   0.000,  90.000,  90.000,   11,   1.421
16:21:51:547, 28258770460379,  141.979,   29.000, 2700,   4.329, 639.162, 177.545,   2.147, 341.666,  94.907, 47,  0,   0.957, 138.390,  38.442,   0.667,  87.918,  24.422,  15.000,  25.000,   0.000,  90.000,  90.000,   12,   1.765
16:21:51:668, 28259059336719,  142.100,   15.000, 1100,   3.045, 639.529, 177.647,   0.938, 341.778,  94.938, 46,  0,   0.857, 138.493,  38.470,   0.649,  87.996,  24.443,  15.000,  25.000,   0.000,  90.000,  90.000,   28,   0.114
16:21:51:780, 28259329285289,  142.212,   18.000, 1300,   3.950, 639.973, 177.770,   1.745, 341.975,  94.993, 46,  0,   0.900, 138.595,  38.499,   0.729,  88.078,  24.466,  15.000,  25.000,   0.000,  90.000,  90.000,   18,   0.000
16:21:51:900, 28259616892470,  142.332,   13.000, 1300,   3.144, 640.350, 177.875,   0.994, 342.094,  95.026, 46,  0,   0.879, 138.700,  38.528,   0.660,  88.157,  24.488,  15.000,  25.000,   0.000,  90.000,  90.000,   16,   0.000
16:21:51:996, 28259848341131,  142.429,   14.000, 1100,   3.423, 640.680, 177.967,   1.234, 342.213,  95.059, 45,  0,   0.902, 138.787,  38.552,   0.698,  88.224,  24.507,  15.000,  25.000,   0.000,  90.000,  90.000,   38,   0.344
16:21:52:116, 28260135717936,  142.548,   14.000, 1200,   3.612, 641.113, 178.087,   1.425, 342.383,  95.106, 46,  0,   0.848, 138.888,  38.580,   0.738,  88.313,  24.531,  15.000,  25.000,   0.000,  90.000,  90.000,   34,   0.000
16:21:52:228, 28260404752937,  142.660,    8.000, 1300,   3.708, 641.528, 178.202,   1.484, 342.550,  95.153, 46,  0,   0.872, 138.986,  38.607,   0.736,  88.395,  24.554,  15.000,  25.000,   0.000,  90.000,  90.000,   14,   0.000
16:21:52:332, 28260654993476,  142.765,   16.000,  900,   2.973, 641.838, 178.288,   0.841, 342.637,  95.177, 45,  0,   0.852, 139.075,  38.632,   0.678,  88.466,  24.574,  15.000,  25.000,   0.000,  90.000,  90.000,   33,   0.000
16:21:52:444, 28260922557390,  142.876,   17.000, 1300,   3.577, 642.237, 178.399,   1.393, 342.793,  95.220, 45,  0,   0.854, 139.170,  38.658,   0.721,  88.546,  24.596,  15.000,  25.000,   0.000,  90.000,  90.000,   39,   0.000
16:21:52:548, 28261171803500,  142.980,   22.000, 2700,   5.450, 642.803, 178.556,   3.190, 343.124,  95.312, 47,  0,   0.935, 139.267,  38.685,   0.763,  88.626,  24.618,  15.000,  25.000,   0.000,  90.000,  90.000,   15,   1.665
16:21:52:670, 28261465607143,  143.102,    6.000,  900,   2.682, 643.131, 178.648,   0.716, 343.212,  95.337, 46,  0,   0.794, 139.364,  38.712,   0.631,  88.703,  24.640,  15.000,  25.000,   0.000,  90.000,  90.000,    3,   0.000
16:21:52:782, 28261734008092,  143.214,   22.000,  900,   3.019, 643.469, 178.741,   0.918, 343.314,  95.365, 46,  0,   0.888, 139.464,  38.740,   0.635,  88.774,  24.659,  15.000,  25.000,   0.000,  90.000,  90.000,   29,   0.000
16:21:52:886, 28261983750784,  143.318,   15.000,  900,   3.653, 643.849, 178.847,   1.460, 343.466,  95.407, 45,  0,   0.866, 139.554,  38.765,   0.712,  88.848,  24.680,  15.000,  25.000,   0.000,  90.000,  90.000,   24,   0.000
16:21:52:999, 28262254417767,  143.431,   11.000, 1400,   3.213, 644.211, 178.948,   1.042, 343.584,  95.440, 45,  0,   0.913, 139.657,  38.794,   0.675,  88.924,  24.701,  15.000,  25.000,   0.000,  90.000,  90.000,   10,   0.309
16:21:53:117, 28262538759018,  143.550,    5.000, 2200,   3.136, 644.583, 179.051,   1.027, 343.705,  95.474, 46,  0,   0.865, 139.759,  38.822,   0.636,  88.999,  24.722,  15.000,  25.000,   0.000,  90.000,  90.000,    1,   0.000
16:21:53:213, 28262768397340,  143.645,    9.000, 2200,   3.538, 644.921, 179.145,   1.452, 343.844,  95.512, 46,  0,   0.908, 139.846,  38.846,   0.629,  89.060,  24.739,  15.000,  25.000,   0.000,  90.000,  90.000,    1,   0.000
16:21:53:335, 28263061882917,  143.767,   25.000,  900,   3.824, 645.389, 179.275,   1.782, 344.062,  95.573, 46,  0,   1.031, 139.972,  38.881,   0.631,  89.137,  24.760,  15.000,  25.000,   0.000,  90.000,  90.000,   35,   0.000
16:21:53:432, 28263294560317,  143.864,   20.000, 1000,   3.962, 645.773, 179.381,   1.738, 344.231,  95.620, 46,  0,   0.864, 140.056,  38.904,   0.766,  89.211,  24.781,  15.000,  25.000,   0.000,  90.000,  90.000,   31,   0.008
16:21:53:550, 28263577895832,  143.983,   30.000, 2700,   4.094, 646.256, 179.516,   1.860, 344.450,  95.681, 47,  0,   1.015, 140.176,  38.938,   0.711,  89.295,  24.804,  15.000,  25.000,   0.000,  90.000,  90.000,   20,   3.160
16:21:53:671, 28263868922634,  144.104,   19.000, 1000,   3.120, 646.635, 179.621,   1.036, 344.576,  95.716, 45,  0,   0.849, 140.279,  38.966,   0.627,  89.371,  24.825,  15.000,  25.000,   0.000,  90.000,  90.000,   32,   0.000
16:21:53:785, 28264140352740,  144.217,   16.000,  900,   3.490, 647.029, 179.730,   1.379, 344.732,  95.759, 46,  0,   0.858, 140.376,  38.993,   0.732,  89.454,  24.848,  15.000,  25.000,   0.000,  90.000,  90.000,   23,   0.000
16:21:53:910, 28264440632008,  144.342,   20.000,  900,   2.767, 647.375, 179.827,   0.838, 344.837,  95.788, 45,  0,   0.783, 140.474,  39.020,   0.661,  89.536,  24.871,  15.000,  25.000,   0.000,  90.000,  90.000,   19,   0.000
16:21:54:016, 28264696621318,  144.449,   13.000,  900,   2.996, 647.695, 179.915,   0.990, 344.942,  95.817, 45,  0,   0.835, 140.563,  39.045,   0.680,  89.609,  24.891,  15.000,  25.000,   0.000,  90.000,  90.000,   23,   0.358
16:21:54:120, 28264945725020,  144.552,    8.000,  900,   2.601, 647.965, 179.990,   0.681, 345.013,  95.837, 45,  0,   0.763, 140.642,  39.067,   0.671,  89.679,  24.911,  15.000,  25.000,   0.000,  90.000,  90.000,   20,   0.000
16:21:54:232, 28265215128197,  144.665,   18.000, 1300,   3.036, 648.306, 180.085,   0.935, 345.118,  95.866, 45,  0,   0.872, 140.740,  39.094,   0.666,  89.753,  24.932,  15.000,  25.000,   0.000,  90.000,  90.000,   38,   0.000
16:21:54:352, 28265501369968,  144.784,   11.000, 1200,   3.756, 648.754, 180.209,   1.577, 345.306,  95.918, 45,  0,   0.850, 140.841,  39.123,   0.717,  89.839,  24.955,  15.000,  25.000,   0.000,  90.000,  90.000,   24,   0.000
16:21:54:449, 28265733712652,  144.881,    5.000, 1900,   3.263, 649.070, 180.297,   1.125, 345.415,  95.949, 45,  0,   0.861, 140.925,  39.146,   0.673,  89.904,  24.973,  15.000,  25.000,   0.000,  90.000,  90.000,    1,   0.000
16:21:54:570, 28266024782865,  145.002,   21.000, 2700,   4.232, 649.583, 180.440,   2.105, 345.670,  96.020, 46,  0,   0.938, 141.038,  39.177,   0.648,  89.983,  24.995,  15.000,  25.000,   0.000,  90.000,  90.000,   11,   1.176
16:21:54:674, 28266273919267,  145.106,    5.000, 1900,   3.100, 649.905, 180.529,   1.008, 345.775,  96.049, 45,  0,   0.858, 141.127,  39.202,   0.617,  90.047,  25.013,  15.000,  25.000,   0.000,  90.000,  90.000,    1,   0.000
16:21:54:787, 28266545096510,  145.219,    8.000, 1900,   3.187, 650.265, 180.629,   1.094, 345.899,  96.083, 45,  0,   0.885, 141.227,  39.230,   0.623,  90.117,  25.033,  15.000,  25.000,   0.000,  90.000,  90.000,    1,   0.000
16:21:54:890, 28266793402670,  145.322,   19.000,  900,   2.962, 650.571, 180.714,   0.890, 345.991,  96.109, 45,  0,   0.856, 141.316,  39.254,   0.625,  90.182,  25.051,  15.000,  25.000,   0.000,  90.000,  90.000,   10,   0.000
16:21:54:996, 28267047390166,  145.428,   13.000, 2400,   3.950, 650.989, 180.830,   1.750, 346.176,  96.160, 46,  0,   1.036, 141.426,  39.285,   0.660,  90.252,  25.070,  15.000,  25.000,   0.000,  90.000,  90.000,    8,   0.462
16:21:55:106, 28267312540258,  145.539,    5.000, 2300,   3.318, 651.356, 180.932,   1.214, 346.310,  96.197, 46,  0,   0.864, 141.521,  39.311,   0.624,  90.321,  25.089,  15.000,  25.000,   0.000,  90.000,  90.000,    1,   0.000
16:21:55:219, 28267581849752,  145.651,    5.000, 2300,   3.264, 651.722, 181.034,   1.196, 346.444,  96.235, 45,  0,   0.864, 141.618,  39.338,   0.613,  90.390,  25.108,  15.000,  25.000,   0.000,  90.000,  90.000,    1,   0.000
16:21:55:323, 28267832153063,  145.755,    5.000, 2300,   3.200, 652.056, 181.127,   1.136, 346.563,  96.267, 45,  0,   0.846, 141.706,  39.363,   0.612,  90.453,  25.126,  15.000,  25.000,   0.000,  90.000,  90.000,    1,   0.000
16:21:55:446, 28268127462401,  145.878,   46.000, 2700,   7.336, 652.958, 181.377,   5.128, 347.194,  96.443, 51,  0,   1.325, 141.869,  39.408,   0.622,  90.530,  25.147,  15.000,  25.000,   0.000,  90.000,  90.000,    4,   0.000
16:21:55:556, 28268391273532,  145.988,   37.000, 2300,   8.161, 653.856, 181.627,   5.826, 347.834,  96.621, 49,  0,   1.299, 142.012,  39.448,   0.655,  90.602,  25.167,  15.000,  25.000,   0.000,  90.000,  90.000,   10,   1.140
16:21:55:660, 28268642444144,  146.093,    5.000, 2300,   3.311, 654.202, 181.723,   1.213, 347.961,  96.656, 46,  0,   0.856, 142.102,  39.473,   0.626,  90.668,  25.185,  15.000,  25.000,   0.000,  90.000,  90.000,    1,   0.000
16:21:55:773, 28268912325090,  146.205,   24.000, 2300,   4.561, 654.715, 181.865,   2.562, 348.249,  96.736, 47,  0,   1.073, 142.222,  39.506,   0.632,  90.739,  25.205,  15.000,  25.000,   0.000,  90.000,  90.000,    1,   0.000
16:21:55:877, 28269161400029,  146.309,    6.000, 2300,   3.525, 655.081, 181.967,   1.435, 348.398,  96.777, 46,  0,   0.876, 142.313,  39.531,   0.626,  90.804,  25.223,  15.000,  25.000,   0.000,  90.000,  90.000,    1,   0.000
16:21:55:989, 28269430419073,  146.421,    7.000, 2300,   3.390, 655.461, 182.072,   1.280, 348.542,  96.817, 46,  0,   0.885, 142.412,  39.559,   0.637,  90.875,  25.243,  15.000,  25.000,   0.000,  90.000,  90.000,    4,   0.236
16:21:56:094, 28269681653015,  146.526,    6.000, 2300,   3.414, 655.818, 182.172,   1.289, 348.677,  96.855, 46,  0,   0.921, 142.509,  39.586,   0.640,  90.942,  25.262,  15.000,  25.000,   0.000,  90.000,  90.000,    8,   1.225
16:21:56:205, 28269949769406,  146.637,    5.000, 2300,   3.249, 656.181, 182.273,   1.162, 348.806,  96.891, 45,  0,   0.853, 142.604,  39.612,   0.624,  91.012,  25.281,  15.000,  25.000,   0.000,  90.000,  90.000,    1,   0.000
16:21:56:310, 28270200798422,  146.742,    5.000, 2300,   3.194, 656.515, 182.365,   1.130, 348.925,  96.924, 45,  0,   0.839, 142.692,  39.637,   0.626,  91.077,  25.299,  15.000,  25.000,   0.000,  90.000,  90.000,    1,   0.000
16:21:56:422, 28270468875375,  146.854,    7.000, 2300,   3.463, 656.902, 182.473,   1.357, 349.076,  96.966, 46,  0,   0.873, 142.789,  39.664,   0.631,  91.148,  25.319,  15.000,  25.000,   0.000,  90.000,  90.000,    1,   0.000
16:21:56:531, 28270744672104,  146.969,   45.000, 2800,   5.399, 657.523, 182.645,   3.220, 349.446,  97.068, 48,  0,   1.022, 142.907,  39.696,   0.669,  91.224,  25.340,  15.000,  25.000,   0.000,  90.000,  90.000,   12,   1.852
16:21:56:638, 28270987852035,  147.070,    5.000, 2300,   3.391, 657.866, 182.741,   1.275, 349.575,  97.104, 46,  0,   0.857, 142.993,  39.720,   0.644,  91.290,  25.358,  15.000,  25.000,   0.000,  90.000,  90.000,    4,   0.167
16:21:56:749, 28271255076624,  147.181,    5.000, 2300,   3.290, 658.233, 182.842,   1.179, 349.707,  97.141, 46,  0,   0.855, 143.089,  39.747,   0.629,  91.360,  25.378,  15.000,  25.000,   0.000,  90.000,  90.000,    1,   0.000
16:21:56:854, 28271507350176,  147.286,   15.000,  900,   3.181, 658.567, 182.935,   1.203, 349.833,  97.176, 45,  0,   0.835, 143.176,  39.771,   0.633,  91.426,  25.396,  15.000,  25.000,   0.000,  90.000,  90.000,   35,   0.000
16:21:56:976, 28271799301831,  147.408,   18.000,  800,   3.026, 658.935, 183.038,   1.002, 349.955,  97.210, 45,  0,   0.803, 143.274,  39.798,   0.744,  91.517,  25.421,  15.000,  25.000,   0.000,  90.000,  90.000,   27,   0.407
16:21:57:079, 28272047442039,  147.511,   20.000,  900,   3.227, 659.269, 183.130,   1.030, 350.061,  97.239, 45,  0,   0.917, 143.369,  39.825,   0.676,  91.587,  25.441,  15.000,  25.000,   0.000,  90.000,  90.000,   45,   0.000
16:21:57:192, 28272319281689,  147.625,   16.000,  900,   3.827, 659.702, 183.251,   1.627, 350.246,  97.290, 46,  0,   0.864, 143.467,  39.852,   0.739,  91.670,  25.464,  15.000,  25.000,   0.000,  90.000,  90.000,   40,   0.000
16:21:57:295, 28272566333134,  147.728,   35.000,  900,   3.654, 660.078, 183.355,   1.475, 350.398,  97.333, 45,  0,   0.863, 143.556,  39.877,   0.709,  91.743,  25.484,  15.000,  25.000,   0.000,  90.000,  90.000,   49,   0.000
16:21:57:404, 28272826867947,  147.836,   48.000, 2700,   6.971, 660.835, 183.565,   4.655, 350.903,  97.473, 50,  0,   1.288, 143.695,  39.915,   0.743,  91.824,  25.507,  15.000,  25.000,   0.000,  90.000,  90.000,    3,   0.000
16:21:57:553, 28273197295538,  147.991,   96.000, 2700,  10.942, 662.524, 184.034,   8.470, 352.210,  97.836, 54,  0,   1.819, 143.976,  39.993,   0.637,  91.922,  25.534,  15.000,  25.000,   0.000,  90.000,  90.000,    6,   0.655
16:21:57:626, 28273359097603,  148.058,   41.000, 2300,   7.533, 663.032, 184.176,   5.252, 352.564,  97.935, 50,  0,   1.275, 144.062,  40.017,   0.638,  91.965,  25.546,  15.000,  25.000,   0.000,  90.000,  90.000,    5,   0.300
16:21:57:739, 28273630152546,  148.171,    9.000,  900,   2.909, 663.360, 184.267,   0.926, 352.669,  97.964, 47,  0,   0.808, 144.153,  40.043,   0.625,  92.036,  25.566,  15.000,  25.000,   0.000,  90.000,  90.000,   15,   0.000
16:21:57:843, 28273880090496,  148.275,   16.000,  800,   3.129, 663.686, 184.357,   1.115, 352.785,  97.996, 46,  0,   0.845, 144.241,  40.067,   0.673,  92.106,  25.585,  15.000,  25.000,   0.000,  90.000,  90.000,   38,   0.000
16:21:57:962, 28274166897526,  148.395,   17.000, 1800,   3.582, 664.114, 184.476,   1.418, 352.955,  98.043, 46,  0,   0.911, 144.350,  40.097,   0.719,  92.192,  25.609,  15.000,  25.000,   0.000,  90.000,  90.000,    4,   0.124
16:21:58:063, 28274407727368,  148.495,   59.000, 2700,   6.814, 664.798, 184.666,   4.611, 353.417,  98.171, 50,  0,   1.321, 144.483,  40.134,   0.631,  92.255,  25.626,  15.000,  25.000,   0.000,  90.000,  90.000,    3,   0.282
16:21:58:187, 28274705766167,  148.619,   51.000, 2300,   7.980, 665.789, 184.941,   5.828, 354.141,  98.372, 50,  0,   1.247, 144.638,  40.177,   0.642,  92.335,  25.649,  15.000,  25.000,   0.000,  90.000,  90.000,    5,   0.141
16:21:58:297, 28274970278447,  148.729,   24.000, 2300,   3.775, 666.205, 185.057,   1.633, 354.321,  98.422, 47,  0,   0.915, 144.738,  40.205,   0.630,  92.404,  25.668,  15.000,  25.000,   0.000,  90.000,  90.000,    1,   0.000
16:21:58:411, 28275244115012,  148.843,   41.000, 2700,   7.747, 667.089, 185.303,   5.637, 354.964,  98.601, 52,  0,   0.959, 144.848,  40.235,   0.626,  92.476,  25.688,  15.000,  25.000,   0.000,  90.000,  90.000,    2,   0.000
16:21:58:566, 28275620526786,  149.000,   77.000, 2700,   5.285, 667.918, 185.533,   3.176, 355.462,  98.740, 50,  0,   1.042, 145.011,  40.281,   0.648,  92.578,  25.716,  15.000,  25.000,   0.000,  90.000,  90.000,    6,   0.799
16:21:58:628, 28275764450937,  149.060,   45.000, 2700,   8.216, 668.411, 185.670,   5.927, 355.818,  98.838, 51,  0,   1.137, 145.079,  40.300,   0.683,  92.619,  25.727,  15.000,  25.000,   0.000,  90.000,  90.000,   18,   2.424
16:21:58:730, 28276008643967,  149.162,   24.000,  900,   5.679, 668.988, 185.830,   3.573, 356.181,  98.939, 48,  0,   0.893, 145.170,  40.325,   0.631,  92.683,  25.745,  15.000,  25.000,   0.000,  90.000,  90.000,   13,   0.000
16:21:58:844, 28276283728936,  149.277,   19.000,  900,   2.884, 669.319, 185.922,   0.949, 356.290,  98.969, 46,  0,   0.817, 145.264,  40.351,   0.659,  92.758,  25.766,  15.000,  25.000,   0.000,  90.000,  90.000,   22,   0.000
16:21:58:956, 28276551157907,  149.388,   43.000, 2700,   6.851, 670.082, 186.134,   4.805, 356.825,  99.118, 49,  0,   0.930, 145.367,  40.380,   0.690,  92.835,  25.788,  15.000,  25.000,   0.000,  90.000,  90.000,    3,   0.121
16:21:59:060, 28276799850798,  149.492,   41.000, 2700,   7.419, 670.851, 186.348,   5.202, 357.364,  99.268, 51,  0,   1.096, 145.481,  40.411,   0.636,  92.901,  25.806,  15.000,  25.000,   0.000,  90.000,  90.000,    5,   0.609
16:21:59:169, 28277061605118,  149.601,   54.000, 2700,   9.027, 671.836, 186.621,   6.699, 358.095,  99.471, 52,  0,   1.498, 145.644,  40.457,   0.631,  92.970,  25.825,  15.000,  25.000,   0.000,  90.000,  90.000,    2,   0.000
16:21:59:283, 28277336505048,  149.715,   85.000, 2700,  10.141, 672.997, 186.944,   7.858, 358.995,  99.721, 53,  0,   1.515, 145.818,  40.505,   0.634,  93.042,  25.845,  15.000,  25.000,   0.000,  90.000,  90.000,    3,   0.357
16:21:59:399, 28277614825410,  149.831,   43.000, 2700,   8.029, 673.928, 187.202,   5.844, 359.673,  99.909, 52,  0,   0.991, 145.933,  40.537,   0.625,  93.115,  25.865,  15.000,  25.000,   0.000,  90.000,  90.000,    2,   0.000
16:21:59:545, 28277965234920,  149.977,   76.000, 2700,   8.598, 675.184, 187.551,   6.422, 360.611, 100.170, 53,  0,   1.076, 146.090,  40.581,   0.643,  93.209,  25.891,  15.000,  25.000,   0.000,  90.000,  90.000,    8,   1.097
16:21:59:613, 28278128731208,  150.045,   11.000, 2300,   4.631, 675.499, 187.639,   2.336, 360.770, 100.214, 49,  0,   0.981, 146.157,  40.599,   0.641,  93.253,  25.903,  15.000,  25.000,   0.000,  90.000,  90.000,    8,   0.836
16:21:59:716, 28278376656877,  150.149,   75.000, 2700,   9.243, 676.454, 187.904,   7.020, 361.495, 100.415, 53,  0,   1.180, 146.279,  40.633,   0.635,  93.318,  25.922,  15.000,  25.000,   0.000,  90.000,  90.000,    2,   0.000
16:21:59:831, 28278652678398,  150.264,   51.000, 2300,   7.706, 677.340, 188.150,   5.496, 362.127, 100.591, 50,  0,   1.116, 146.407,  40.669,   0.632,  93.391,  25.942,  15.000,  25.000,   0.000,  90.000,  90.000,    1,   0.000
16:21:59:944, 28278923786833,  150.377,   16.000, 2300,   4.209, 677.816, 188.282,   2.008, 362.354, 100.654, 48,  0,   0.991, 146.519,  40.700,   0.674,  93.467,  25.963,  15.000,  25.000,   0.000,  90.000,  90.000,    6,   0.536
16:22:00:049, 28279173838087,  150.481,   50.000, 2700,   6.275, 678.469, 188.464,   4.080, 362.779, 100.772, 50,  0,   1.128, 146.637,  40.732,   0.647,  93.534,  25.982,  15.000,  25.000,   0.000,  90.000,  90.000,   10,   0.227
16:22:00:166, 28279454584342,  150.598,   81.000, 2700,   9.919, 679.630, 188.786,   7.639, 363.672, 101.020, 53,  0,   1.342, 146.794,  40.776,   0.636,  93.609,  26.002,  15.000,  25.000,   0.000,  90.000,  90.000,    2,   0.000
16:22:00:264, 28279689986380,  150.696,   16.000, 2300,   4.908, 680.111, 188.920,   2.816, 363.949, 101.097, 49,  0,   0.861, 146.878,  40.799,   0.632,  93.671,  26.020,  15.000,  25.000,   0.000,  90.000,  90.000,    1,   0.000
16:22:00:385, 28279981945163,  150.818,   21.000, 2700,   5.037, 680.724, 189.090,   2.908, 364.302, 101.195, 50,  0,   0.902, 146.988,  40.830,   0.641,  93.749,  26.041,  15.000,  25.000,   0.000,  90.000,  90.000,    1,   0.000
16:22:00:535, 28280343268232,  150.968,   33.000, 2700,   8.096, 681.943, 189.429,   6.074, 365.217, 101.449, 52,  0,   1.113, 147.155,  40.876,   0.642,  93.845,  26.068,  15.000,  25.000,   0.000,  90.000,  90.000,    5,   0.584
16:22:00:631, 28280572542554,  151.064,   41.000, 2700,   7.594, 682.668, 189.630,   5.554, 365.747, 101.596, 52,  0,   0.891, 147.240,  40.900,   0.640,  93.906,  26.085,  15.000,  25.000,   0.000,  90.000,  90.000,    4,   0.287
16:22:00:736, 28280822933346,  151.168,   29.000, 2700,   6.527, 683.349, 189.819,   4.364, 366.203, 101.723, 50,  0,   1.008, 147.345,  40.929,   0.653,  93.975,  26.104,  15.000,  25.000,   0.000,  90.000,  90.000,    8,   1.078
16:22:00:849, 28281094027178,  151.281,   41.000, 2700,   7.335, 684.178, 190.049,   5.192, 366.789, 101.886, 51,  0,   1.017, 147.460,  40.961,   0.631,  94.046,  26.124,  15.000,  25.000,   0.000,  90.000,  90.000,    1,   0.000
16:22:00:952, 28281341110230,  151.384,   29.000, 2700,   6.397, 684.836, 190.232,   4.238, 367.225, 102.007, 50,  0,   0.934, 147.556,  40.988,   0.634,  94.111,  26.142,  15.000,  25.000,   0.000,  90.000,  90.000,    1,   0.000
16:22:01:065, 28281612807969,  151.497,   18.000, 2700,   4.727, 685.371, 190.381,   2.591, 367.519, 102.089, 50,  0,   0.939, 147.663,  41.017,   0.673,  94.187,  26.163,  15.000,  25.000,   0.000,  90.000,  90.000,   10,   1.066
16:22:01:168, 28281859753086,  151.600,   41.000, 2700,   7.852, 686.179, 190.605,   5.698, 368.105, 102.251, 51,  0,   0.982, 147.764,  41.045,   0.630,  94.252,  26.181,  15.000,  25.000,   0.000,  90.000,  90.000,    1,   0.000
16:22:01:290, 28282152364976,  151.722,   49.000, 2700,   8.210, 687.180, 190.883,   6.019, 368.839, 102.455, 52,  0,   1.048, 147.891,  41.081,   0.635,  94.330,  26.203,  15.000,  25.000,   0.000,  90.000,  90.000,    2,   0.000
16:22:01:387, 28282385867636,  151.819,   27.000, 2300,   6.328, 687.796, 191.054,   4.186, 369.246, 102.568, 49,  0,   0.931, 147.982,  41.106,   0.635,  94.391,  26.220,  15.000,  25.000,   0.000,  90.000,  90.000,    2,   0.000
16:22:01:540, 28282762966587,  151.976,   42.000, 2700,   4.230, 688.461, 191.239,   2.143, 369.583, 102.662, 50,  0,   0.892, 148.122,  41.145,   0.649,  94.493,  26.248,  15.000,  25.000,   0.000,  90.000,  90.000,    4,   0.460
16:22:01:605, 28282910302079,  152.038,   41.000, 2700,   7.963, 688.950, 191.375,   5.663, 369.931, 102.758, 50,  0,   1.037, 148.186,  41.163,   0.649,  94.533,  26.259,  15.000,  25.000,   0.000,  90.000,  90.000,    7,   0.632
16:22:01:723, 28283191278576,  152.155,   46.000, 2700,   8.081, 689.896, 191.638,   5.920, 370.624, 102.951, 51,  0,   1.013, 148.305,  41.196,   0.629,  94.607,  26.280,  15.000,  25.000,   0.000,  90.000,  90.000,    2,   0.000
16:22:01:835, 28283461695109,  152.267,   47.000, 2700,   8.297, 690.831, 191.897,   6.094, 371.310, 103.142, 52,  0,   1.044, 148.422,  41.228,   0.631,  94.678,  26.299,  15.000,  25.000,   0.000,  90.000,  90.000,    1,   0.000
16:22:01:939, 28283710201738,  152.371,   16.000, 2300,   4.774, 691.325, 192.035,   2.667, 371.586, 103.218, 48,  0,   0.892, 148.515,  41.254,   0.632,  94.744,  26.318,  15.000,  25.000,   0.000,  90.000,  90.000,    1,   0.000
16:22:02:051, 28283980980928,  152.484,    6.000, 2300,   3.379, 691.706, 192.141,   1.259, 371.728, 103.258, 47,  0,   0.887, 148.615,  41.282,   0.644,  94.816,  26.338,  15.000,  25.000,   0.000,  90.000,  90.000,    4,   0.214
16:22:02:154, 28284227838968,  152.587,   17.000, 2700,   4.596, 692.179, 192.272,   2.496, 371.985, 103.329, 49,  0,   0.891, 148.706,  41.307,   0.628,  94.881,  26.356,  15.000,  25.000,   0.000,  90.000,  90.000,    1,   0.000
16:22:02:267, 28284499162110,  152.700,   62.000, 2700,   8.847, 693.179, 192.550,   6.661, 372.738, 103.538, 53,  0,   1.094, 148.830,  41.342,   0.629,  94.952,  26.376,  15.000,  25.000,   0.000,  90.000,  90.000,    2,   0.000
16:22:02:370, 28284746151273,  152.803,   48.000, 2700,   8.348, 694.038, 192.788,   6.156, 373.372, 103.714, 52,  0,   1.031, 148.936,  41.371,   0.632,  95.017,  26.394,  15.000,  25.000,   0.000,  90.000,  90.000,    1,   0.000
16:22:02:492, 28285038982267,  152.925,   10.000,  900,   2.608, 694.356, 192.877,   0.687, 373.456, 103.738, 47,  0,   0.761, 149.029,  41.397,   0.630,  95.094,  26.415,  15.000,  25.000,   0.000,  90.000,  90.000,   26,   0.000
16:22:02:590, 28285273338854,  153.022,   18.000, 2700,   4.807, 694.826, 193.007,   2.756, 373.725, 103.812, 48,  0,   0.833, 149.110,  41.420,   0.759,  95.168,  26.436,  15.000,  25.000,   0.000,  90.000,  90.000,   15,   1.645
16:22:02:708, 28285558160393,  153.141,   22.000,  900,   3.023, 695.184, 193.107,   1.037, 373.848, 103.847, 46,  0,   0.823, 149.208,  41.447,   0.631,  95.243,  26.456,  15.000,  25.000,   0.000,  90.000,  90.000,   23,   0.000
16:22:02:807, 28285793560554,  153.239,   56.000, 2700,   6.897, 695.861, 193.295,   4.893, 374.328, 103.980, 50,  0,   0.913, 149.298,  41.472,   0.700,  95.311,  26.475,  15.000,  25.000,   0.000,  90.000,  90.000,    5,   0.000
16:22:02:925, 28286077047922,  153.357,   59.000, 2700,   8.820, 696.903, 193.584,   6.633, 375.111, 104.198, 52,  0,   1.082, 149.425,  41.507,   0.639,  95.387,  26.496,  15.000,  25.000,   0.000,  90.000,  90.000,    2,   0.000
16:22:03:042, 28286358829438,  153.475,   28.000, 2300,   5.710, 697.573, 193.770,   3.594, 375.533, 104.315, 49,  0,   1.131, 149.558,  41.544,   0.643,  95.462,  26.517,  15.000,  25.000,   0.000,  90.000,  90.000,    4,   0.228
16:22:03:157, 28286634077044,  153.589,    6.000, 2300,   3.277, 697.949, 193.875,   1.207, 375.672, 104.353, 47,  0,   0.855, 149.656,  41.571,   0.629,  95.534,  26.537,  15.000,  25.000,   0.000,  90.000,  90.000,    2,   0.000
16:22:03:271, 28286906945404,  153.703,    6.000, 2300,   3.466, 698.343, 193.984,   1.333, 375.823, 104.395, 47,  0,   0.923, 149.761,  41.600,   0.648,  95.608,  26.558,  15.000,  25.000,   0.000,  90.000,  90.000,    7,   0.947
16:22:03:373, 28287152193304,  153.805,   11.000, 2300,   3.224, 698.673, 194.076,   1.141, 375.940, 104.428, 46,  0,   0.840, 149.847,  41.624,   0.627,  95.672,  26.576,  15.000,  25.000,   0.000,  90.000,  90.000,    6,   0.000
16:22:03:542, 28287559030620,  153.975,   62.000, 2800,   8.318, 700.083, 194.467,   6.117, 376.977, 104.716, 52,  0,   1.042, 150.024,  41.673,   0.656,  95.783,  26.606,  15.000,  25.000,   0.000,  90.000,  90.000,    6,   1.050
16:22:03:609, 28287719614772,  154.042,    5.000, 2300,   3.498, 700.317, 194.532,   1.358, 377.068, 104.741, 48,  0,   0.879, 150.083,  41.690,   0.651,  95.827,  26.619,  15.000,  25.000,   0.000,  90.000,  90.000,    7,   0.516
16:22:03:727, 28288000886000,  154.159,    5.000, 2300,   3.277, 700.701, 194.639,   1.196, 377.208, 104.780, 47,  0,   0.850, 150.182,  41.717,   0.635,  95.901,  26.639,  15.000,  25.000,   0.000,  90.000,  90.000,    1,   0.000
16:22:03:825, 28288237794727,  154.257,    7.000, 2300,   3.591, 701.055, 194.738,   1.439, 377.350, 104.819, 47,  0,   0.890, 150.270,  41.742,   0.650,  95.966,  26.657,  15.000,  25.000,   0.000,  90.000,  90.000,    1,   0.000
16:22:03:937, 28288506345692,  154.369,   13.000, 2300,   3.972, 701.500, 194.861,   1.831, 377.555, 104.876, 47,  0,   0.951, 150.377,  41.771,   0.642,  96.037,  26.677,  15.000,  25.000,   0.000,  90.000,  90.000,    1,   0.000
16:22:04:041, 28288756582143,  154.474,    8.000, 2300,   3.383, 701.853, 194.959,   1.277, 377.688, 104.913, 46,  0,   0.883, 150.469,  41.797,   0.645,  96.105,  26.696,  15.000,  25.000,   0.000,  90.000,  90.000,    7,   0.412
16:22:04:159, 28289037907096,  154.591,   33.000, 2700,   6.856, 702.656, 195.182,   4.737, 378.243, 105.068, 48,  0,   0.955, 150.581,  41.828,   0.626,  96.178,  26.716,  15.000,  25.000,   0.000,  90.000,  90.000,    1,   0.000
16:22:04:273, 28289311862562,  154.705,    5.000, 2300,   3.410, 703.045, 195.290,   1.319, 378.394, 105.109, 47,  0,   0.868, 150.680,  41.856,   0.625,  96.249,  26.736,  15.000,  25.000,   0.000,  90.000,  90.000,    1,   0.000
16:22:04:374, 28289555811082,  154.807,    5.000, 2300,   3.271, 703.378, 195.383,   1.169, 378.513, 105.142, 46,  0,   0.854, 150.767,  41.880,   0.631,  96.313,  26.754,  15.000,  25.000,   0.000,  90.000,  90.000,    1,   0.000
16:22:04:528, 28289929353174,  154.962,   34.000, 2800,   4.167, 704.026, 195.563,   2.105, 378.840, 105.233, 49,  0,   0.884, 150.904,  41.918,   0.637,  96.413,  26.781,  15.000,  25.000,   0.000,  90.000,  90.000,    4,   0.589
16:22:04:612, 28290124766246,  155.044,    7.000, 2300,   3.776, 704.334, 195.648,   1.585, 378.969, 105.269, 46,  0,   0.903, 150.978,  41.938,   0.637,  96.464,  26.796,  15.000,  25.000,   0.000,  90.000,  90.000,    5,   0.223
16:22:04:728, 28290404970576,  155.160,    5.000, 2300,   3.308, 704.720, 195.756,   1.208, 379.110, 105.308, 46,  0,   0.858, 151.078,  41.966,   0.624,  96.537,  26.816,  15.000,  25.000,   0.000,  90.000,  90.000,    1,   0.000
16:22:04:827, 28290642949370,  155.260,    7.000, 2300,   3.493, 705.066, 195.852,   1.395, 379.249, 105.347, 46,  0,   0.870, 151.164,  41.990,   0.627,  96.599,  26.833,  15.000,  25.000,   0.000,  90.000,  90.000,    1,   0.000
16:22:04:945, 28290923961134,  155.377,   19.000, 2700,   4.937, 705.644, 196.012,   2.777, 379.574, 105.437, 47,  0,   1.047, 151.287,  42.024,   0.631,  96.673,  26.854,  15.000,  25.000,   0.000,  90.000,  90.000,    3,   0.188
16:22:05:044, 28291162761444,  155.476,   11.000,  800,   2.990, 705.942, 196.095,   1.005, 379.674, 105.465, 46,  0,   0.823, 151.369,  42.047,   0.637,  96.737,  26.871,  15.000,  25.000,   0.000,  90.000,  90.000,   32,   0.156
16:22:05:160, 28291441834100,  155.592,    8.000,  900,   2.997, 706.291, 196.192,   1.007, 379.791, 105.498, 45,  0,   0.767, 151.458,  42.072,   0.713,  96.820,  26.894,  15.000,  25.000,   0.000,  90.000,  90.000,   20,   0.000
16:22:05:273, 28291712542742,  155.705,   28.000, 2400,   4.918, 706.845, 196.346,   2.831, 380.110, 105.586, 47,  0,   1.142, 151.587,  42.107,   0.694,  96.898,  26.916,  15.000,  25.000,   0.000,  90.000,  90.000,    8,   0.998
16:22:05:373, 28291953401427,  155.806,   34.000, 1100,   3.218, 707.168, 196.436,   1.115, 380.222, 105.617, 46,  0,   0.929, 151.680,  42.133,   0.629,  96.961,  26.934,  15.000,  25.000,   0.000,  90.000,  90.000,   28,   0.000
16:22:05:489, 28292231852186,  155.922,   60.000, 2700,   8.234, 708.123, 196.701,   5.873, 380.904, 105.807, 52,  0,   1.414, 151.844,  42.179,   0.696,  97.042,  26.956,  15.000,  25.000,   0.000,  90.000,  90.000,    2,   0.000
16:22:05:598, 28292492924348,  156.030,   29.000,  800,   6.406, 708.820, 196.895,   4.296, 381.371, 105.936, 48,  0,   1.095, 151.963,  42.212,   0.661,  97.114,  26.976,  15.000,  25.000,   0.000,  90.000,  90.000,   15,   1.836
16:22:05:698, 28292733615051,  156.131,   20.000,  900,   2.803, 709.101, 196.973,   0.760, 381.447, 105.958, 47,  0,   0.854, 152.049,  42.236,   0.634,  97.177,  26.994,  15.000,  25.000,   0.000,  90.000,  90.000,   31,   0.000
16:22:05:819, 28293022314430,  156.251,   71.000, 2700,   7.238, 709.972, 197.214,   4.975, 382.046, 106.124, 53,  0,   1.268, 152.201,  42.278,   0.699,  97.261,  27.017,  15.000,  25.000,   0.000,  90.000,  90.000,    3,   0.000
16:22:05:930, 28293288734359,  156.362,   63.000, 2300,   9.145, 710.987, 197.496,   6.786, 382.799, 106.333, 51,  0,   1.460, 152.363,  42.323,   0.621,  97.330,  27.036,  15.000,  25.000,   0.000,  90.000,  90.000,    1,   0.000
16:22:06:030, 28293529202954,  156.462,   13.000,  900,   3.237, 711.312, 197.587,   1.127, 382.912, 106.364, 48,  0,   0.889, 152.452,  42.348,   0.634,  97.394,  27.054,  15.000,  25.000,   0.000,  90.000,  90.000,   20,   0.213
16:22:06:147, 28293808877125,  156.579,    5.000, 2300,   3.211, 711.686, 197.690,   1.090, 383.039, 106.400, 46,  0,   0.862, 152.553,  42.376,   0.652,  97.470,  27.075,  15.000,  25.000,   0.000,  90.000,  90.000,    2,   0.000
16:22:06:258, 28294076419716,  156.690,   13.000,  900,   2.973, 712.017, 197.783,   0.982, 383.148, 106.430, 46,  0,   0.826, 152.645,  42.401,   0.620,  97.539,  27.094,  15.000,  25.000,   0.000,  90.000,  90.000,   16,   0.000
16:22:06:363, 28294328295160,  156.795,   15.000,  800,   2.893, 712.321, 197.867,   0.858, 383.239, 106.455, 46,  0,   0.810, 152.730,  42.425,   0.666,  97.609,  27.114,  15.000,  25.000,   0.000,  90.000,  90.000,   36,   0.000
16:22:06:466, 28294575320016,  156.898,   17.000,  900,   3.752, 712.707, 197.974,   1.567, 383.400, 106.500, 46,  0,   0.871, 152.820,  42.450,   0.725,  97.683,  27.134,  15.000,  25.000,   0.000,  90.000,  90.000,   12,   0.000
16:22:06:575, 28294838364810,  157.008,   36.000, 2700,   4.646, 713.216, 198.116,   2.444, 383.668, 106.574, 47,  0,   1.014, 152.931,  42.481,   0.669,  97.757,  27.155,  15.000,  25.000,   0.000,  90.000,  90.000,   12,   1.190
16:22:06:695, 28295124152791,  157.127,    8.000, 2300,   3.621, 713.647, 198.235,   1.518, 383.848, 106.625, 47,  0,   0.940, 153.043,  42.512,   0.625,  97.831,  27.175,  15.000,  25.000,   0.000,  90.000,  90.000,    1,   0.000
16:22:06:794, 28295363779970,  157.227,   36.000, 2700,   7.701, 714.416, 198.449,   5.315, 384.379, 106.772, 51,  0,   1.617, 153.204,  42.557,   0.631,  97.894,  27.193,  15.000,  25.000,   0.000,  90.000,  90.000,    2,   0.000
16:22:06:905, 28295629087181,  157.337,   30.000, 2700,   7.952, 715.295, 198.693,   5.694, 385.008, 106.947, 52,  0,   1.556, 153.376,  42.604,   0.639,  97.965,  27.212,  15.000,  25.000,   0.000,  90.000,  90.000,    1,   0.000
16:22:07:015, 28295893293310,  157.447,   30.000, 2700,   7.681, 716.141, 198.928,   5.428, 385.606, 107.113, 51,  0,   1.497, 153.541,  42.650,   0.636,  98.035,  27.232,  15.000,  25.000,   0.000,  90.000,  90.000,    4,   0.294
16:22:07:125, 28296156634636,  157.557,   30.000, 2700,   7.781, 716.995, 199.165,   5.430, 386.202, 107.278, 51,  0,   1.497, 153.705,  42.696,   0.624,  98.103,  27.251,  15.000,  25.000,   0.000,  90.000,  90.000,    1,   0.000
16:22:07:233, 28296415246505,  157.665,   31.000, 2700,   7.836, 717.839, 199.400,   5.501, 386.795, 107.443, 51,  0,   1.507, 153.868,  42.741,   0.626,  98.171,  27.270,  15.000,  25.000,   0.000,  90.000,  90.000,    2,   0.000
16:22:07:344, 28296682539642,  157.776,   40.000, 2700,   8.316, 718.765, 199.657,   6.010, 387.464, 107.629, 54,  0,   1.561, 154.042,  42.789,   0.628,  98.241,  27.289,  15.000,  25.000,   0.000,  90.000,  90.000,    1,   0.000
16:22:07:455, 28296947914775,  157.887,   83.000, 2700,  10.763, 719.955, 199.988,   8.263, 388.378, 107.883, 54,  0,   1.904, 154.252,  42.848,   0.632,  98.311,  27.308,  15.000,  25.000,   0.000,  90.000,  90.000,    2,   0.000
16:22:07:562, 28297206975164,  157.995,   99.000, 2700,  11.295, 721.174, 200.326,   8.845, 389.332, 108.148, 56,  0,   1.867, 154.454,  42.904,   0.664,  98.382,  27.328,  15.000,  25.000,   0.000,  90.000,  90.000,   11,   1.262
16:22:07:672, 28297469064748,  158.104,   96.000, 2700,  10.328, 722.302, 200.640,   8.578, 390.269, 108.408, 56,  0,   1.972, 154.669,  42.964,   0.195,  98.404,  27.334,  15.000,  25.000,   0.000,  90.000,  90.000,    1,   0.000
16:22:07:781, 28297730324925,  158.213,   44.000, 2700,   8.162, 723.191, 200.886,   6.420, 390.968, 108.602, 53,  0,   1.565, 154.839,  43.011,   0.056,  98.410,  27.336,  15.000,  25.000,   0.000,  90.000,  90.000,    7,   1.062
16:22:07:894, 28298001726588,  158.326,   41.000, 2700,   7.921, 724.087, 201.135,   6.202, 391.669, 108.797, 52,  0,   1.638, 155.024,  43.062,   0.020,  98.412,  27.337,  15.000,  25.000,   0.000,  90.000,  90.000,    1,   0.000
16:22:08:003, 28298264451837,  158.435,   11.000, 2300,   3.600, 724.481, 201.245,   2.052, 391.894, 108.859, 49,  0,   0.981, 155.132,  43.092,   0.014,  98.413,  27.337,  15.000,  25.000,   0.000,  90.000,  90.000,    1,   0.000
16:22:08:110, 28298520669101,  158.542,   26.000, 2700,   4.349, 724.945, 201.374,   2.676, 392.180, 108.939, 49,  0,   1.223, 155.262,  43.128,   0.099,  98.424,  27.340,  15.000,  25.000,   0.000,  90.000,  90.000,   12,   1.657
16:22:08:220, 28298785373854,  158.652,    7.000, 2400,   2.714, 725.244, 201.457,   1.149, 392.306, 108.974, 47,  0,   0.977, 155.370,  43.158,   0.008,  98.425,  27.340,  15.000,  25.000,   0.000,  90.000,  90.000,    2,   0.000
16:22:08:325, 28299037179408,  158.757,    9.000, 2400,   2.833, 725.542, 201.539,   1.298, 392.443, 109.012, 47,  0,   0.999, 155.475,  43.187,   0.020,  98.427,  27.341,  15.000,  25.000,   0.000,  90.000,  90.000,    1,   0.000
16:22:08:438, 28299309354008,  158.871,   20.000,  600,   1.658, 725.729, 201.592,   0.306, 392.477, 109.021, 45,  0,   0.802, 155.566,  43.213,   0.015,  98.429,  27.341,  15.000,  25.000,   0.000,  90.000,  90.000,   51,   0.000
16:22:08:579, 28299660365676,  159.017,   42.000, 2800,   5.378, 726.516, 201.810,   3.403, 392.975, 109.160, 50,  0,   0.988, 155.710,  43.253,   0.540,  98.508,  27.363,  15.000,  25.000,   0.000,  90.000,  90.000,   15,   2.113
16:22:08:652, 28299822620555,  159.084,   12.000, 1500,   3.128, 726.728, 201.869,   1.118, 393.051, 109.181, 47,  0,   0.934, 155.774,  43.270,   0.456,  98.539,  27.372,  15.000,  25.000,   0.000,  90.000,  90.000,    6,   0.340
16:22:08:767, 28300098132382,  159.199,    8.000, 1500,   2.959, 727.067, 201.963,   0.887, 393.152, 109.209, 46,  0,   0.854, 155.872,  43.298,   0.628,  98.611,  27.392,  15.000,  25.000,   0.000,  90.000,  90.000,    1,   0.000
16:22:08:883, 28300377152128,  159.316,   17.000, 1500,   3.315, 727.453, 202.070,   1.180, 393.290, 109.247, 46,  0,   0.962, 155.984,  43.329,   0.624,  98.683,  27.412,  15.000,  25.000,   0.000,  90.000,  90.000,    2,   0.000
16:22:08:987, 28300626234382,  159.419,    8.000, 1500,   3.033, 727.767, 202.158,   0.950, 393.388, 109.274, 46,  0,   0.855, 156.072,  43.353,   0.630,  98.749,  27.430,  15.000,  25.000,   0.000,  90.000,  90.000,    2,   0.000
16:22:09:090, 28300873681111,  159.522,   32.000, 2300,   3.937, 728.173, 202.270,   1.703, 393.564, 109.323, 46,  0,   1.121, 156.188,  43.386,   0.639,  98.814,  27.448,  15.000,  25.000,   0.000,  90.000,  90.000,    5,   0.266
16:22:09:208, 28301157005345,  159.640,   60.000, 2700,   9.376, 729.280, 202.578,   7.110, 394.403, 109.556, 54,  0,   1.495, 156.364,  43.435,   0.641,  98.890,  27.469,  15.000,  25.000,   0.000,  90.000,  90.000,    3,   0.331
16:22:09:322, 28301430966617,  159.755,   29.000,  900,   4.195, 729.759, 202.711,   2.102, 394.643, 109.623, 48,  0,   1.056, 156.485,  43.468,   0.626,  98.961,  27.489,  15.000,  25.000,   0.000,  90.000,  90.000,   27,   0.000
16:22:09:442, 28301717683134,  159.874,   19.000,  900,   3.680, 730.199, 202.833,   1.512, 394.824, 109.673, 47,  0,   0.886, 156.591,  43.497,   0.701,  99.045,  27.513,  15.000,  25.000,   0.000,  90.000,  90.000,   35,   0.000
16:22:09:554, 28301987828822,  159.987,   44.000, 2700,   5.632, 730.833, 203.009,   3.381, 395.204, 109.779, 50,  0,   1.007, 156.704,  43.529,   0.728,  99.127,  27.535,  15.000,  25.000,   0.000,  90.000,  90.000,   17,   1.360
16:22:09:657, 28302235412664,  160.090,    7.000,  800,   3.603, 731.204, 203.112,   1.602, 395.369, 109.825, 46,  0,   0.847, 156.791,  43.553,   0.644,  99.194,  27.554,  15.000,  25.000,   0.000,  90.000,  90.000,    6,   0.000
16:22:09:773, 28302512505432,  160.205,   17.000,  800,   2.864, 731.535, 203.204,   0.843, 395.467, 109.852, 46,  0,   0.851, 156.890,  43.580,   0.637,  99.267,  27.574,  15.000,  25.000,   0.000,  90.000,  90.000,   32,   0.000
16:22:09:874, 28302754713047,  160.306,   34.000, 1200,   4.025, 731.941, 203.317,   1.891, 395.658, 109.905, 46,  0,   0.892, 156.980,  43.605,   0.732,  99.341,  27.595,  15.000,  25.000,   0.000,  90.000,  90.000,   51,   0.000
16:22:09:981, 28303010570432,  160.413,    6.000, 2700,   4.563, 732.428, 203.452,   2.283, 395.901, 109.972, 47,  0,   1.012, 157.088,  43.635,   0.748,  99.421,  27.617,  15.000,  25.000,   0.000,  90.000,  90.000,    9,   0.880
16:22:10:088, 28303269315384,  160.521,   28.000, 2700,   5.057, 732.973, 203.604,   2.899, 396.213, 110.059, 50,  0,   1.138, 157.210,  43.670,   0.627,  99.488,  27.636,  15.000,  25.000,   0.000,  90.000,  90.000,    4,   0.276
16:22:10:212, 28303565171076,  160.644,   22.000, 1200,   4.370, 733.512, 203.753,   2.321, 396.500, 110.139, 47,  0,   1.035, 157.338,  43.705,   0.626,  99.565,  27.657,  15.000,  25.000,   0.000,  90.000,  90.000,   36,   0.000
16:22:10:309, 28303800219803,  160.742,   20.000, 1200,   4.248, 733.928, 203.869,   2.007, 396.696, 110.193, 47,  0,   0.932, 157.429,  43.730,   0.774,  99.641,  27.678,  15.000,  25.000,   0.000,  90.000,  90.000,   39,   0.972
16:22:10:435, 28304101782657,  160.867,    6.000, 2200,   3.371, 734.351, 203.986,   1.213, 396.848, 110.236, 47,  0,   0.884, 157.540,  43.761,   0.674,  99.726,  27.702,  15.000,  25.000,   0.000,  90.000,  90.000,    4,   0.846
16:22:10:557, 28304426101588,  161.003,   33.000, 2100,   3.659, 734.846, 204.124,   1.584, 397.063, 110.295, 47,  0,   0.891, 157.661,  43.795,   0.647,  99.813,  27.726,  15.000,  25.000,   0.000,  90.000,  90.000,    8,   1.199
16:22:10:660, 28304641695872,  161.092,   15.000,  800,   2.746, 735.092, 204.192,   0.787, 397.133, 110.315, 46,  0,   0.817, 157.734,  43.815,   0.632,  99.870,  27.742,  15.000,  25.000,   0.000,  90.000,  90.000,   46,   0.184
16:22:10:773, 28304912764354,  161.205,   10.000,  900,   3.350, 735.471, 204.297,   1.324, 397.283, 110.356, 46,  0,   0.765, 157.820,  43.839,   0.751,  99.955,  27.765,  15.000,  25.000,   0.000,  90.000,  90.000,   26,   0.000
16:22:10:877, 28305163046951,  161.310,   21.000,  900,   3.199, 735.804, 204.390,   1.164, 397.404, 110.390, 46,  0,   0.890, 157.913,  43.865,   0.668, 100.025,  27.785,  15.000,  25.000,   0.000,  90.000,  90.000,   34,   0.000
16:22:10:984, 28305418454867,  161.416,   21.000, 1000,   3.797, 736.208, 204.502,   1.632, 397.578, 110.438, 46,  0,   0.861, 158.005,  43.890,   0.720, 100.101,  27.806,  15.000,  25.000,   0.000,  90.000,  90.000,   44,   0.005
16:22:11:093, 28305679966894,  161.525,   17.000, 1300,   3.951, 736.639, 204.622,   1.725, 397.766, 110.490, 47,  0,   0.896, 158.102,  43.917,   0.742, 100.182,  27.828,  15.000,  25.000,   0.000,  90.000,  90.000,   46,   0.390
16:22:11:213, 28305969342890,  161.646,    5.000, 2300,   3.882, 737.107, 204.752,   1.705, 397.971, 110.548, 47,  0,   0.864, 158.207,  43.946,   0.703, 100.267,  27.852,  15.000,  25.000,   0.000,  90.000,  90.000,    2,   0.000
16:22:11:327, 28306242589830,  161.759,    6.000, 2300,   3.236, 737.475, 204.854,   1.145, 398.102, 110.584, 46,  0,   0.849, 158.303,  43.973,   0.628, 100.338,  27.872,  15.000,  25.000,   0.000,  90.000,  90.000,    1,   0.000
16:22:11:446, 28306528068667,  161.878,   13.000,  800,   2.897, 737.820, 204.950,   0.911, 398.210, 110.614, 45,  0,   0.832, 158.402,  44.001,   0.629, 100.413,  27.893,  15.000,  25.000,   0.000,  90.000,  90.000,   26,   0.000
16:22:11:555, 28306788809665,  161.987,   24.000, 2700,   4.884, 738.350, 205.097,   2.723, 398.506, 110.696, 47,  0,   0.894, 158.499,  44.028,   0.726, 100.492,  27.914,  15.000,  25.000,   0.000,  90.000,  90.000,    9,   1.167
16:22:11:662, 28307046360158,  162.094,    6.000, 2300,   3.554, 738.732, 205.203,   1.434, 398.660, 110.739, 46,  0,   0.884, 158.594,  44.054,   0.634, 100.560,  27.933,  15.000,  25.000,   0.000,  90.000,  90.000,    4,   0.237
16:22:11:775, 28307317344189,  162.207,    6.000, 2300,   3.356, 739.111, 205.309,   1.252, 398.801, 110.778, 46,  0,   0.851, 158.690,  44.081,   0.630, 100.631,  27.953,  15.000,  25.000,   0.000,  90.000,  90.000,    1,   0.000
16:22:11:879, 28307565991664,  162.311,   13.000, 1000,   3.535, 739.477, 205.410,   1.464, 398.953, 110.820, 46,  0,   0.892, 158.783,  44.106,   0.629, 100.696,  27.971,  15.000,  25.000,   0.000,  90.000,  90.000,   19,   0.000
16:22:11:991, 28307836665816,  162.424,   19.000, 1300,   3.059, 739.822, 205.506,   1.031, 399.069, 110.853, 46,  0,   0.830, 158.876,  44.132,   0.677, 100.773,  27.992,  15.000,  25.000,   0.000,  90.000,  90.000,   27,   0.000
16:22:12:094, 28308083263490,  162.526,   12.000, 1300,   3.805, 740.213, 205.615,   1.616, 399.235, 110.899, 46,  0,   0.896, 158.968,  44.158,   0.710, 100.846,  28.013,  15.000,  25.000,   0.000,  90.000,  90.000,   29,   0.302
16:22:12:217, 28308377770052,  162.649,   13.000,  900,   3.240, 740.611, 205.725,   1.098, 399.370, 110.936, 46,  0,   0.848, 159.072,  44.187,   0.692, 100.930,  28.036,  15.000,  25.000,   0.000,  90.000,  90.000,   18,   0.000
16:22:12:329, 28308647471110,  162.761,   10.000, 1400,   3.246, 740.975, 205.826,   1.075, 399.491, 110.970, 46,  0,   0.883, 159.172,  44.214,   0.680, 101.007,  28.057,  15.000,  25.000,   0.000,  90.000,  90.000,    2,   0.000
16:22:12:434, 28308898986751,  162.866,    8.000, 1400,   2.942, 741.284, 205.912,   0.845, 399.579, 110.994, 45,  0,   0.856, 159.261,  44.239,   0.630, 101.073,  28.076,  15.000,  25.000,   0.000,  90.000,  90.000,    2,   0.000
16:22:12:561, 28309220445444,  163.000,   36.000, 2800,   3.653, 741.773, 206.048,   1.563, 399.789, 111.052, 47,  0,   0.922, 159.385,  44.274,   0.650, 101.160,  28.100,  15.000,  25.000,   0.000,  90.000,  90.000,    7,   0.747
16:22:12:664, 28309450612110,  163.096,   27.000,  900,   5.305, 742.282, 206.189,   3.255, 400.101, 111.139, 47,  0,   1.153, 159.495,  44.304,   0.647, 101.222,  28.117,  15.000,  25.000,   0.000,  90.000,  90.000,   19,   0.182
16:22:12:762, 28309685274522,  163.194,   10.000, 1400,   3.026, 742.578, 206.272,   0.954, 400.194, 111.165, 46,  0,   0.825, 159.576,  44.327,   0.683, 101.289,  28.136,  15.000,  25.000,   0.000,  90.000,  90.000,    4,   0.000
16:22:12:883, 28309975418617,  163.315,    8.000, 2300,   3.481, 742.998, 206.388,   1.339, 400.356, 111.210, 46,  0,   0.930, 159.688,  44.358,   0.660, 101.369,  28.158,  15.000,  25.000,   0.000,  90.000,  90.000,    7,   0.839
16:22:12:982, 28310214824309,  163.415,    7.000, 2300,   3.490, 743.346, 206.485,   1.363, 400.492, 111.248, 46,  0,   0.873, 159.776,  44.382,   0.656, 101.434,  28.176,  15.000,  25.000,   0.000,  90.000,  90.000,    2,   0.000
16:22:13:115, 28310531994035,  163.547,    8.000, 2300,   3.803, 743.849, 206.625,   1.644, 400.709, 111.308, 46,  0,   0.932, 159.899,  44.416,   0.669, 101.522,  28.201,  15.000,  25.000,   0.000,  90.000,  90.000,    5,   0.533
16:22:13:221, 28310786441999,  163.653,    5.000, 2300,   3.220, 744.190, 206.720,   1.138, 400.830, 111.342, 45,  0,   0.842, 159.988,  44.441,   0.633, 101.589,  28.219,  15.000,  25.000,   0.000,  90.000,  90.000,    1,   0.000
16:22:13:331, 28311051829534,  163.763,    6.000, 2300,   3.342, 744.560, 206.822,   1.215, 400.964, 111.379, 46,  0,   0.875, 160.085,  44.468,   0.641, 101.660,  28.239,  15.000,  25.000,   0.000,  90.000,  90.000,    2,   0.000
16:22:13:438, 28311308298150,  163.870,    5.000, 2300,   3.275, 744.910, 206.919,   1.191, 401.092, 111.414, 46,  0,   0.854, 160.176,  44.493,   0.644, 101.729,  28.258,  15.000,  25.000,   0.000,  90.000,  90.000,    1,   0.000
16:22:13:547, 28311576163410,  163.982,   33.000, 2800,   4.695, 745.434, 207.065,   2.531, 401.374, 111.493, 48,  0,   0.952, 160.282,  44.523,   0.675, 101.804,  28.279,  15.000,  25.000,   0.000,  90.000,  90.000,    8,   1.206
16:22:13:654, 28311827714179,  164.087,    5.000, 2300,   3.566, 745.808, 207.169,   1.399, 401.521, 111.534, 46,  0,   0.866, 160.373,  44.548,   0.684, 101.876,  28.299,  15.000,  25.000,   0.000,  90.000,  90.000,    4,   0.247
16:22:13:763, 28312088291816,  164.195,    5.000, 2300,   3.295, 746.165, 207.268,   1.196, 401.651, 111.570, 47,  0,   0.846, 160.465,  44.574,   0.658, 101.947,  28.319,  15.000,  25.000,   0.000,  90.000,  90.000,    1,   0.000
16:22:13:871, 28312346927596,  164.303,    8.000, 2700,   3.782, 746.573, 207.381,   1.657, 401.829, 111.619, 47,  0,   0.881, 160.560,  44.600,   0.655, 102.018,  28.338,  15.000,  25.000,   0.000,  90.000,  90.000,    1,   0.000
16:22:13:979, 28312607181818,  164.411,    7.000, 2300,   3.569, 746.960, 207.489,   1.417, 401.983, 111.662, 46,  0,   0.874, 160.655,  44.626,   0.661, 102.090,  28.358,  15.000,  25.000,   0.000,  90.000,  90.000,    1,   0.000
16:22:14:116, 28312936885500,  164.549,   14.000,  900,   3.470, 747.437, 207.621,   1.340, 402.167, 111.713, 46,  0,   0.894, 160.778,  44.660,   0.665, 102.181,  28.384,  15.000,  25.000,   0.000,  90.000,  90.000,   25,   0.172
16:22:14:224, 28313195604700,  164.657,   11.000, 1300,   3.666, 747.832, 207.731,   1.448, 402.323, 111.756, 46,  0,   0.859, 160.870,  44.686,   0.745, 102.261,  28.406,  15.000,  25.000,   0.000,  90.000,  90.000,   24,   0.000
16:22:14:333, 28313455804628,  164.765,    5.000, 2300,   3.745, 748.238, 207.844,   1.597, 402.496, 111.804, 46,  0,   0.856, 160.963,  44.712,   0.701, 102.337,  28.427,  15.000,  25.000,   0.000,  90.000,  90.000,    1,   0.000
16:22:14:453, 28313743393968,  164.885,    7.000, 2300,   3.481, 748.655, 207.960,   1.344, 402.657, 111.849, 46,  0,   0.861, 161.066,  44.741,   0.663, 102.417,  28.449,  15.000,  25.000,   0.000,  90.000,  90.000,    1,   0.000
16:22:14:564, 28314011003686,  164.996,   60.000, 2700,   7.513, 749.493, 208.192,   5.360, 403.255, 112.015, 51,  0,   1.038, 161.182,  44.773,   0.666, 102.491,  28.470,  15.000,  25.000,   0.000,  90.000,  90.000,    8,   0.998
16:22:14:673, 28314271435940,  165.105,   26.000, 2300,   6.541, 750.203, 208.390,   4.330, 403.725, 112.146, 48,  0,   0.965, 161.287,  44.802,   0.656, 102.562,  28.489,  15.000,  25.000,   0.000,  90.000,  90.000,    3,   0.141
16:22:14:784, 28314539074136,  165.216,   45.000, 2700,   7.183, 751.004, 208.612,   5.074, 404.291, 112.303, 51,  0,   1.217, 161.422,  44.840,   0.634, 102.633,  28.509,  15.000,  25.000,   0.000,  90.000,  90.000,    1,   0.000
16:22:14:890, 28314792739946,  165.322,   38.000, 2700,   7.229, 751.768, 208.824,   5.346, 404.856, 112.460, 51,  0,   0.856, 161.513,  44.865,   0.630, 102.700,  28.528,  15.000,  25.000,   0.000,  90.000,  90.000,    5,   0.000
16:22:15:004, 28315067833721,  165.437,   24.000,  900,   3.851, 752.209, 208.947,   1.820, 405.064, 112.518, 47,  0,   0.935, 161.620,  44.894,   0.674, 102.777,  28.549,  15.000,  25.000,   0.000,  90.000,  90.000,   25,   0.973
16:22:15:118, 28315340512739,  165.550,   36.000, 2700,   6.189, 752.912, 209.142,   4.151, 405.536, 112.649, 50,  0,   0.918, 161.724,  44.923,   0.692, 102.855,  28.571,  15.000,  25.000,   0.000,  90.000,  90.000,    7,   0.798
16:22:15:226, 28315599450928,  165.658,   20.000, 1200,   4.992, 753.451, 209.292,   2.842, 405.843, 112.734, 48,  0,   0.889, 161.820,  44.950,   0.632, 102.924,  28.590,  15.000,  25.000,   0.000,  90.000,  90.000,   29,   0.000
16:22:15:335, 28315861722300,  165.767,   20.000, 1100,   3.653, 753.850, 209.403,   1.476, 406.004, 112.779, 46,  0,   0.866, 161.915,  44.976,   0.707, 103.001,  28.611,  15.000,  25.000,   0.000,  90.000,  90.000,   21,   0.000
16:22:15:432, 28316094417907,  165.864,   68.000, 2700,   7.168, 754.545, 209.596,   4.860, 406.475, 112.910, 51,  0,   1.301, 162.041,  45.011,   0.675, 103.066,  28.630,  15.000,  25.000,   0.000,  90.000,  90.000,    3,   0.000
16:22:15:554, 28316409995379,  165.996,   64.000, 2700,  10.057, 755.868, 209.963,   7.707, 407.488, 113.191, 53,  0,   1.563, 162.246,  45.068,   0.650, 103.152,  28.653,  15.000,  25.000,   0.000,  90.000,  90.000,    7,   1.084
16:22:15:665, 28316652470721,  166.097,   17.000,  900,   3.011, 756.172, 210.048,   0.993, 407.589, 113.219, 48,  0,   0.818, 162.329,  45.091,   0.636, 103.216,  28.671,  15.000,  25.000,   0.000,  90.000,  90.000,   23,   0.237
16:22:15:767, 28316897183230,  166.199,   36.000, 2700,   5.692, 756.752, 210.209,   3.575, 407.953, 113.320, 50,  0,   0.903, 162.421,  45.117,   0.693, 103.287,  28.691,  15.000,  25.000,   0.000,  90.000,  90.000,    2,   0.000
16:22:15:876, 28317158438578,  166.308,   30.000, 2700,   6.936, 757.507, 210.419,   4.798, 408.476, 113.465, 49,  0,   0.958, 162.525,  45.146,   0.631, 103.356,  28.710,  15.000,  25.000,   0.000,  90.000,  90.000,    1,   0.000
16:22:15:984, 28317419515310,  166.417,   16.000, 1000,   3.166, 757.852, 210.514,   1.045, 408.589, 113.497, 47,  0,   0.874, 162.621,  45.172,   0.632, 103.424,  28.729,  15.000,  25.000,   0.000,  90.000,  90.000,   25,   0.000
16:22:16:092, 28317677262194,  166.524,   30.000,  900,   3.420, 758.219, 210.616,   1.233, 408.722, 113.534, 46,  0,   0.884, 162.716,  45.199,   0.716, 103.501,  28.750,  15.000,  25.000,   0.000,  90.000,  90.000,   50,   0.245
16:22:16:200, 28317937743012,  166.632,   34.000, 2700,   6.235, 758.896, 210.804,   3.958, 409.151, 113.653, 49,  0,   0.932, 162.817,  45.227,   0.763, 103.584,  28.773,  15.000,  25.000,   0.000,  90.000,  90.000,    3,   0.000
16:22:16:321, 28318228347595,  166.754,   26.000, 1200,   6.358, 759.665, 211.018,   4.241, 409.665, 113.796, 48,  0,   0.924, 162.929,  45.258,   0.632, 103.660,  28.795,  15.000,  25.000,   0.000,  90.000,  90.000,   16,   0.000
16:22:16:429, 28318487501096,  166.862,   13.000, 1200,   3.387, 760.031, 211.120,   1.244, 409.799, 113.833, 47,  0,   0.851, 163.021,  45.283,   0.677, 103.734,  28.815,  15.000,  25.000,   0.000,  90.000,  90.000,   33,   0.000
16:22:16:582, 28318873927624,  167.023,   78.000, 2700,   4.992, 760.835, 211.343,   2.772, 410.245, 113.957, 49,  0,   1.029, 163.186,  45.330,   0.691, 103.845,  28.846,  15.000,  25.000,   0.000,  90.000,  90.000,    5,   0.597
16:22:16:645, 28319004570344,  167.077,   36.000, 2700,   7.434, 761.240, 211.455,   5.320, 410.535, 114.038, 50,  0,   1.002, 163.241,  45.345,   0.646, 103.880,  28.856,  15.000,  25.000,   0.000,  90.000,  90.000,    9,   1.107
16:22:16:754, 28319267571297,  167.187,   24.000, 2700,   6.325, 761.933, 211.648,   4.173, 410.992, 114.165, 48,  0,   0.935, 163.343,  45.373,   0.628, 103.949,  28.875,  15.000,  25.000,   0.000,  90.000,  90.000,    1,   0.000
16:22:16:862, 28319525934594,  167.294,   10.000, 1400,   2.699, 762.223, 211.729,   0.795, 411.078, 114.188, 47,  0,   0.792, 163.429,  45.397,   0.627, 104.016,  28.893,  15.000,  25.000,   0.000,  90.000,  90.000,    3,   0.000
16:22:16:970, 28319785314787,  167.402,   14.000,  700,   2.470, 762.490, 211.803,   0.603, 411.143, 114.206, 46,  0,   0.813, 163.516,  45.421,   0.546, 104.075,  28.910,  15.000,  25.000,   0.000,  90.000,  90.000,   16,   0.000
16:22:17:077, 28320043016244,  167.510,   42.000,  800,   2.740, 762.784, 211.885,   0.988, 411.249, 114.236, 45,  0,   0.998, 163.624,  45.451,   0.186, 104.095,  28.915,  15.000,  25.000,   0.000,  90.000,  90.000,   45,   0.176
16:22:17:187, 28320305140721,  167.619,   34.000, 2700,   6.140, 763.455, 212.071,   4.238, 411.712, 114.364, 49,  0,   0.956, 163.728,  45.480,   0.410, 104.140,  28.928,  15.000,  25.000,   0.000,  90.000,  90.000,    2,   0.000
16:22:17:294, 28320563532456,  167.727,   15.000, 2700,   5.079, 764.002, 212.223,   2.941, 412.029, 114.452, 47,  0,   0.915, 163.827,  45.507,   0.632, 104.208,  28.947,  15.000,  25.000,   0.000,  90.000,  90.000,    1,   0.000
16:22:17:407, 28320834423024,  167.839,   59.000, 2700,   7.921, 764.896, 212.471,   5.802, 412.684, 114.634, 51,  0,   1.536, 164.000,  45.556,   0.627, 104.279,  28.966,  15.000,  25.000,   0.000,  90.000,  90.000,    2,   0.000
16:22:17:579, 28321247403543,  168.011,   97.000, 2700,  10.951, 766.780, 212.995,   8.521, 414.150, 115.042, 55,  0,   1.842, 164.317,  45.644,   0.668, 104.394,  28.998,  15.000,  25.000,   0.000,  90.000,  90.000,   14,   2.143
16:22:17:642, 28321397948626,  168.074,   68.000, 2700,   9.368, 767.368, 213.158,   7.143, 414.598, 115.166, 53,  0,   1.414, 164.406,  45.668,   0.636, 104.434,  29.009,  15.000,  25.000,   0.000,  90.000,  90.000,    6,   0.286
16:22:17:758, 28321677469230,  168.191,   31.000, 2300,   7.313, 768.220, 213.394,   5.135, 415.196, 115.332, 51,  0,   0.963, 164.518,  45.699,   0.629, 104.507,  29.030,  15.000,  25.000,   0.000,  90.000,  90.000,    1,   0.000
16:22:17:865, 28321932026946,  168.297,    7.000, 2300,   3.551, 768.596, 213.499,   1.425, 415.347, 115.374, 49,  0,   0.901, 164.613,  45.726,   0.640, 104.575,  29.049,  15.000,  25.000,   0.000,  90.000,  90.000,    1,   0.000
16:22:17:970, 28322185078417,  168.402,    5.000, 2300,   3.109, 768.924, 213.590,   1.043, 415.457, 115.405, 47,  0,   0.846, 164.702,  45.751,   0.632, 104.641,  29.067,  15.000,  25.000,   0.000,  90.000,  90.000,    1,   0.000
16:22:18:081, 28322452085076,  168.513,   12.000, 2300,   3.591, 769.324, 213.701,   1.448, 415.618, 115.450, 47,  0,   0.940, 164.807,  45.780,   0.640, 104.713,  29.087,  15.000,  25.000,   0.000,  90.000,  90.000,    7,   0.455
16:22:18:187, 28322707379818,  168.620,   33.000, 1100,   5.203, 769.877, 213.855,   3.026, 415.940, 115.539, 48,  0,   1.074, 164.921,  45.811,   0.641, 104.781,  29.106,  15.000,  25.000,   0.000,  90.000,  90.000,   20,   0.739
16:22:18:302, 28322981125443,  168.734,   33.000, 2700,   7.159, 770.694, 214.082,   5.001, 416.510, 115.697, 51,  0,   0.962, 165.031,  45.842,   0.663, 104.856,  29.127,  15.000,  25.000,   0.000,  90.000,  90.000,    1,   0.000
16:22:18:404, 28323225552380,  168.836,   10.000, 2300,   4.142, 771.116, 214.199,   2.027, 416.717, 115.755, 47,  0,   0.876, 165.120,  45.867,   0.627, 104.920,  29.145,  15.000,  25.000,   0.000,  90.000,  90.000,    2,   0.000
16:22:18:587, 28323666985354,  169.020,   50.000, 2800,   4.070, 771.864, 214.407,   1.939, 417.074, 115.854, 49,  0,   0.954, 165.296,  45.915,   0.634, 105.037,  29.177,  15.000,  25.000,   0.000,  90.000,  90.000,    3,   0.447
16:22:18:635, 28323779865153,  169.067,    6.000, 2700,   3.730, 772.040, 214.455,   1.590, 417.148, 115.875, 47,  0,   0.893, 165.338,  45.927,   0.644, 105.067,  29.185,  15.000,  25.000,   0.000,  90.000,  90.000,    9,   0.639
16:22:18:742, 28324037971793,  169.174,   14.000, 1100,   3.233, 772.387, 214.552,   1.163, 417.273, 115.909, 46,  0,   0.860, 165.430,  45.953,   0.625, 105.134,  29.204,  15.000,  25.000,   0.000,  90.000,  90.000,   29,   0.000
16:22:18:852, 28324301278656,  169.284,   18.000, 1100,   4.162, 772.844, 214.679,   1.942, 417.486, 115.968, 47,  0,   0.969, 165.536,  45.982,   0.705, 105.212,  29.225,  15.000,  25.000,   0.000,  90.000,  90.000,   22,   0.000
16:22:18:958, 28324556036977,  169.390,    9.000, 2100,   3.537, 773.219, 214.783,   1.406, 417.636, 116.010, 46,  0,   0.878, 165.630,  46.008,   0.668, 105.283,  29.245,  15.000,  25.000,   0.000,  90.000,  90.000,    1,   0.000
16:22:19:068, 28324819527581,  169.500,    6.000, 2100,   3.187, 773.569, 214.880,   1.074, 417.754, 116.043, 46,  0,   0.888, 165.727,  46.035,   0.635, 105.352,  29.265,  15.000,  25.000,   0.000,  90.000,  90.000,    4,   0.216
16:22:19:178, 28325083217110,  169.610,   45.000, 2700,   7.476, 774.391, 215.109,   5.183, 418.323, 116.201, 50,  0,   1.430, 165.884,  46.079,   0.629, 105.422,  29.284,  15.000,  25.000,   0.000,  90.000,  90.000,    4,   0.436
16:22:19:289, 28325349935138,  169.721,   24.000, 2300,   6.427, 775.105, 215.307,   4.294, 418.800, 116.333, 49,  0,   1.145, 166.011,  46.114,   0.629, 105.491,  29.303,  15.000,  25.000,   0.000,  90.000,  90.000,    3,   0.154
16:22:19:391, 28325595155017,  169.823,   14.000,  900,   2.739, 775.385, 215.385,   0.709, 418.873, 116.354, 47,  0,   0.832, 166.096,  46.138,   0.630, 105.556,  29.321,  15.000,  25.000,   0.000,  90.000,  90.000,   23,   0.000
16:22:19:508, 28325876845801,  169.940,   33.000,  900,   3.441, 775.789, 215.497,   1.297, 419.025, 116.396, 46,  0,   0.861, 166.197,  46.166,   0.681, 105.636,  29.343,  15.000,  25.000,   0.000,  90.000,  90.000,   27,   0.000
16:22:19:621, 28326147523915,  170.053,   64.000, 2700,   8.105, 776.703, 215.751,   5.880, 419.688, 116.580, 50,  0,   1.411, 166.357,  46.210,   0.712, 105.716,  29.366,  15.000,  25.000,   0.000,  90.000,  90.000,   13,   1.431
16:22:19:744, 28326442709564,  170.176,   17.000,  900,   2.983, 777.070, 215.853,   0.962, 419.806, 116.613, 47,  0,   0.847, 166.461,  46.239,   0.631, 105.794,  29.387,  15.000,  25.000,   0.000,  90.000,  90.000,   26,   0.101
16:22:19:854, 28326706156260,  170.286,    9.000, 2300,   4.012, 777.510, 215.975,   1.812, 420.005, 116.668, 47,  0,   0.929, 166.563,  46.267,   0.711, 105.872,  29.409,  15.000,  25.000,   0.000,  90.000,  90.000,    2,   0.000
16:22:19:971, 28326987648046,  170.403,   15.000, 2300,   4.226, 778.006, 216.113,   2.091, 420.251, 116.736, 47,  0,   1.000, 166.680,  46.300,   0.635, 105.946,  29.430,  15.000,  25.000,   0.000,  90.000,  90.000,    5,   0.453
16:22:20:085, 28327261748968,  170.517,   22.000, 2700,   6.111, 778.704, 216.307,   3.869, 420.692, 116.859, 48,  0,   1.151, 166.811,  46.336,   0.657, 106.021,  29.450,  15.000,  25.000,   0.000,  90.000,  90.000,   11,   1.547
16:22:20:192, 28327518815514,  170.625,   20.000, 1900,   4.036, 779.136, 216.427,   1.993, 420.906, 116.918, 48,  0,   0.958, 166.914,  46.365,   0.626, 106.088,  29.469,  15.000,  25.000,   0.000,  90.000,  90.000,    2,   0.000
16:22:20:301, 28327780396667,  170.734,   16.000,  900,   2.580, 779.417, 216.505,   0.623, 420.974, 116.937, 46,  0,   0.787, 167.000,  46.389,   0.627, 106.157,  29.488,  15.000,  25.000,   0.000,  90.000,  90.000,   35,   0.000
16:22:20:410, 28328041962077,  170.843,   18.000,  900,   3.684, 779.819, 216.616,   1.486, 421.136, 116.982, 46,  0,   0.868, 167.094,  46.415,   0.731, 106.236,  29.510,  15.000,  25.000,   0.000,  90.000,  90.000,   39,   0.000
16:22:20:578, 28328451813244,  171.013,   35.000, 2800,   4.107, 780.520, 216.811,   1.938, 421.467, 117.074, 49,  0,   0.917, 167.251,  46.459,   0.682, 106.353,  29.542,  15.000,  25.000,   0.000,  90.000,  90.000,    6,   1.049
16:22:20:639, 28328591551150,  171.072,   10.000,  900,   2.758, 780.681, 216.856,   0.843, 421.516, 117.088, 46,  0,   0.773, 167.296,  46.471,   0.645, 106.390,  29.553,  15.000,  25.000,   0.000,  90.000,  90.000,   29,   0.309
16:22:20:747, 28328850651740,  171.179,    9.000,  800,   2.610, 780.963, 216.934,   0.689, 421.590, 117.108, 46,  0,   0.758, 167.378,  46.494,   0.665, 106.462,  29.573,  15.000,  25.000,   0.000,  90.000,  90.000,   19,   0.000
16:22:20:856, 28329112052440,  171.288,   18.000, 1900,   2.989, 781.288, 217.024,   1.001, 421.699, 117.139, 46,  0,   0.856, 167.471,  46.520,   0.665, 106.535,  29.593,  15.000,  25.000,   0.000,  90.000,  90.000,    1,   0.000
16:22:20:964, 28329371564286,  171.397,   14.000,  900,   2.749, 781.585, 217.107,   0.754, 421.781, 117.161, 45,  0,   0.815, 167.559,  46.544,   0.626, 106.602,  29.612,  15.000,  25.000,   0.000,  90.000,  90.000,   38,   0.000
16:22:21:072, 28329631836918,  171.505,   19.000,  900,   3.896, 782.008, 217.224,   1.693, 421.964, 117.212, 46,  0,   0.877, 167.654,  46.571,   0.750, 106.684,  29.634,  15.000,  25.000,   0.000,  90.000,  90.000,   46,   0.265
16:22:21:196, 28329928196500,  171.628,   16.000,  900,   3.245, 782.409, 217.336,   1.060, 422.095, 117.249, 46,  0,   0.874, 167.762,  46.601,   0.697, 106.770,  29.658,  15.000,  25.000,   0.000,  90.000,  90.000,   29,   0.000
16:22:21:304, 28330186935443,  171.736,   17.000,  800,   3.305, 782.765, 217.435,   1.232, 422.228, 117.286, 45,  0,   0.833, 167.852,  46.626,   0.697, 106.845,  29.679,  15.000,  25.000,   0.000,  90.000,  90.000,   34,   0.000
16:22:21:410, 28330441617656,  171.842,   12.000, 1000,   3.494, 783.136, 217.538,   1.340, 422.370, 117.325, 45,  0,   0.871, 167.944,  46.651,   0.701, 106.919,  29.700,  15.000,  25.000,   0.000,  90.000,  90.000,   22,   0.000
16:22:21:571, 28330863573392,  172.018,   34.000, 1600,   3.456, 783.743, 217.706,   1.318, 422.602, 117.389, 46,  0,   0.894, 168.102,  46.695,   0.673, 107.038,  29.733,  15.000,  25.000,   0.000,  90.000,  90.000,    5,   0.602
16:22:21:642, 28330997712208,  172.074,   15.000, 1300,   3.556, 783.942, 217.762,   1.410, 422.681, 117.411, 46,  0,   0.885, 168.151,  46.709,   0.644, 107.074,  29.743,  15.000,  25.000,   0.000,  90.000,  90.000,   39,   0.267
16:22:21:749, 28331255829632,  172.182,   18.000, 1200,   3.534, 784.322, 217.867,   1.352, 422.826, 117.452, 46,  0,   0.873, 168.245,  46.735,   0.690, 107.148,  29.763,  15.000,  25.000,   0.000,  90.000,  90.000,   45,   0.000
16:22:21:859, 28331518786035,  172.291,    8.000, 2700,   4.062, 784.767, 217.991,   1.836, 423.027, 117.508, 46,  0,   0.890, 168.342,  46.762,   0.759, 107.231,  29.786,  15.000,  25.000,   0.000,  90.000,  90.000,    2,   0.000
16:22:21:965, 28331774200787,  172.398,   14.000, 1000,   3.419, 785.131, 218.092,   1.304, 423.166, 117.546, 45,  0,   0.868, 168.435,  46.787,   0.634, 107.298,  29.805,  15.000,  25.000,   0.000,  90.000,  90.000,   28,   0.000
16:22:22:075, 28332038429980,  172.508,   13.000, 1000,   3.714, 785.540, 218.206,   1.512, 423.333, 117.592, 46,  0,   0.876, 168.531,  46.814,   0.727, 107.379,  29.827,  15.000,  25.000,   0.000,  90.000,  90.000,   20,   0.107
16:22:22:189, 28332310414438,  172.621,   38.000, 2700,   5.486, 786.162, 218.378,   3.416, 423.720, 117.700, 47,  0,   1.183, 168.665,  46.852,   0.669, 107.454,  29.848,  15.000,  25.000,   0.000,  90.000,  90.000,    2,   0.348
16:22:22:306, 28332591913772,  172.738,   14.000,  900,   2.807, 786.491, 218.470,   0.775, 423.810, 117.725, 46,  0,   0.835, 168.763,  46.879,   0.635, 107.529,  29.869,  15.000,  25.000,   0.000,  90.000,  90.000,   25,   0.000
16:22:22:415, 28332852365004,  172.847,   14.000, 1200,   3.491, 786.870, 218.575,   1.323, 423.954, 117.765, 45,  0,   0.850, 168.856,  46.904,   0.710, 107.606,  29.891,  15.000,  25.000,   0.000,  90.000,  90.000,   35,   0.000
16:22:22:584, 28333272697342,  173.022,   37.000, 2200,   3.992, 787.569, 218.769,   1.824, 424.273, 117.854, 47,  0,   0.925, 169.018,  46.949,   0.695, 107.728,  29.924,  15.000,  25.000,   0.000,  90.000,  90.000,    8,   1.192
16:22:22:644, 28333403149008,  173.076,   14.000, 1300,   3.526, 787.760, 218.822,   1.299, 424.344, 117.873, 46,  0,   0.950, 169.069,  46.964,   0.712, 107.766,  29.935,  15.000,  25.000,   0.000,  90.000,  90.000,   49,   1.756
16:22:22:753, 28333665613480,  173.186,   15.000,  900,   2.769, 788.063, 218.906,   0.825, 424.434, 117.898, 45,  0,   0.751, 169.151,  46.986,   0.693, 107.842,  29.956,  15.000,  25.000,   0.000,  90.000,  90.000,   31,   0.000
16:22:22:861, 28333924051124,  173.293,   10.000, 1300,   3.402, 788.430, 219.008,   1.288, 424.573, 117.937, 45,  0,   0.867, 169.245,  47.012,   0.704, 107.918,  29.977,  15.000,  25.000,   0.000,  90.000,  90.000,    3,   0.000
16:22:22:966, 28334176816846,  173.399,   13.000,  900,   2.708, 788.715, 219.087,   0.681, 424.645, 117.957, 45,  0,   0.832, 169.332,  47.037,   0.629, 107.984,  29.996,  15.000,  25.000,   0.000,  90.000,  90.000,   18,   0.000
16:22:23:078, 28334444478000,  173.510,   14.000, 1000,   3.402, 789.094, 219.193,   1.257, 424.785, 117.996, 46,  0,   0.879, 169.430,  47.064,   0.680, 108.060,  30.017,  15.000,  25.000,   0.000,  90.000,  90.000,   15,   0.130
16:22:23:184, 28334699808935,  173.617,   18.000, 1000,   3.023, 789.416, 219.282,   0.867, 424.877, 118.021, 45,  0,   0.898, 169.526,  47.091,   0.670, 108.131,  30.036,  15.000,  25.000,   0.000,  90.000,  90.000,   43,   0.646
16:22:23:293, 28334961599522,  173.726,   15.000, 1300,   3.957, 789.847, 219.402,   1.749, 425.068, 118.074, 46,  0,   0.863, 169.620,  47.117,   0.749, 108.213,  30.059,  15.000,  25.000,   0.000,  90.000,  90.000,   40,   0.000
16:22:23:401, 28335219860813,  173.833,    6.000, 2500,   3.976, 790.275, 219.521,   1.782, 425.260, 118.128, 46,  0,   0.861, 169.713,  47.142,   0.707, 108.289,  30.080,  15.000,  25.000,   0.000,  90.000,  90.000,    1,   0.000
16:22:23:510, 28335480986908,  173.942,   16.000,  900,   2.894, 790.590, 219.608,   0.839, 425.351, 118.153, 45,  0,   0.840, 169.804,  47.168,   0.631, 108.358,  30.099,  15.000,  25.000,   0.000,  90.000,  90.000,   37,   0.000
16:22:23:647, 28335810807800,  174.080,   21.000,  900,   4.912, 791.265, 219.796,   2.672, 425.718, 118.255, 47,  0,   0.912, 169.929,  47.203,   0.743, 108.460,  30.128,  15.000,  25.000,   0.000,  90.000,  90.000,   39,   1.005
16:22:23:755, 28336069219783,  174.187,   18.000, 1200,   3.692, 791.663, 219.906,   1.517, 425.882, 118.300, 46,  0,   0.864, 170.022,  47.228,   0.716, 108.537,  30.149,  15.000,  25.000,   0.000,  90.000,  90.000,   48,   0.000
16:22:23:863, 28336329460849,  174.296,   18.000, 1700,   3.999, 792.096, 220.027,   1.743, 426.071, 118.353, 46,  0,   0.899, 170.120,  47.256,   0.751, 108.618,  30.172,  15.000,  25.000,   0.000,  90.000,  90.000,    4,   0.000
16:22:23:971, 28336587375697,  174.403,   14.000, 1700,   3.394, 792.461, 220.128,   1.294, 426.210, 118.392, 46,  0,   0.904, 170.217,  47.283,   0.629, 108.686,  30.191,  15.000,  25.000,   0.000,  90.000,  90.000,    1,   0.000
16:22:24:080, 28336850266115,  174.513,    7.000, 1700,   2.973, 792.787, 220.219,   0.863, 426.304, 118.418, 45,  0,   0.872, 170.313,  47.309,   0.627, 108.755,  30.210,  15.000,  25.000,   0.000,  90.000,  90.000,    3,   0.120
16:22:24:185, 28337099992879,  174.617,    8.000, 1700,   3.108, 793.110, 220.308,   0.998, 426.408, 118.447, 46,  0,   0.883, 170.404,  47.335,   0.638, 108.821,  30.228,  15.000,  25.000,   0.000,  90.000,  90.000,    3,   0.182
16:22:24:296, 28337368409499,  174.729,    7.000,  800,   2.572, 793.398, 220.388,   0.628, 426.478, 118.466, 45,  0,   0.804, 170.494,  47.360,   0.640, 108.892,  30.248,  15.000,  25.000,   0.000,  90.000,  90.000,    3,   0.000
16:22:24:404, 28337628356458,  174.837,   18.000,  600,   2.318, 793.649, 220.458,   0.592, 426.542, 118.484, 45,  0,   0.896, 170.591,  47.387,   0.276, 108.922,  30.256,  15.000,  25.000,   0.000,  90.000,  90.000,   26,   0.000
16:22:24:511, 28337884555328,  174.944,   44.000,  700,   2.894, 793.958, 220.544,   1.164, 426.667, 118.519, 46,  0,   0.937, 170.691,  47.414,   0.245, 108.948,  30.263,  15.000,  25.000,   0.000,  90.000,  90.000,   35,   0.000
16:22:24:627, 28338163054259,  175.060,   21.000, 2700,   5.989, 794.653, 220.737,   3.754, 427.102, 118.640, 47,  0,   1.177, 170.828,  47.452,   0.754, 109.036,  30.288,  15.000,  25.000,   0.000,  90.000,  90.000,   20,   2.812
16:22:24:742, 28338438026648,  175.174,    5.000, 2300,   3.304, 795.031, 220.842,   1.230, 427.243, 118.679, 46,  0,   0.860, 170.927,  47.480,   0.630, 109.108,  30.308,  15.000,  25.000,   0.000,  90.000,  90.000,    1,   0.000
16:22:24:850, 28338696928102,  175.282,   24.000, 2300,   3.511, 795.410, 220.947,   1.405, 427.395, 118.721, 46,  0,   0.869, 171.020,  47.506,   0.631, 109.176,  30.327,  15.000,  25.000,   0.000,  90.000,  90.000,   29,   0.000
16:22:24:955, 28338948131501,  175.387,   10.000, 2700,   5.253, 795.960, 221.100,   3.026, 427.711, 118.809, 47,  0,   1.053, 171.130,  47.536,   0.735, 109.253,  30.348,  15.000,  25.000,   0.000,  90.000,  90.000,    8,   0.852
16:22:25:066, 28339216076238,  175.498,    9.000, 1100,   3.127, 796.309, 221.197,   1.038, 427.827, 118.841, 46,  0,   0.854, 171.226,  47.563,   0.628, 109.323,  30.368,  15.000,  25.000,   0.000,  90.000,  90.000,    7,   0.004
16:22:25:175, 28339478181267,  175.608,   16.000, 1100,   3.009, 796.638, 221.288,   0.872, 427.922, 118.867, 46,  0,   0.897, 171.324,  47.590,   0.657, 109.395,  30.387,  15.000,  25.000,   0.000,  90.000,  90.000,   33,   0.556
16:22:25:282, 28339734450252,  175.714,   27.000, 1100,   3.815, 797.045, 221.401,   1.629, 428.096, 118.916, 46,  0,   0.875, 171.417,  47.616,   0.715, 109.471,  30.409,  15.000,  25.000,   0.000,  90.000,  90.000,   22,   0.000
16:22:25:396, 28340007718962,  175.828,   46.000, 2700,   7.417, 797.890, 221.636,   5.274, 428.697, 119.082, 51,  0,   1.073, 171.539,  47.650,   0.670, 109.547,  30.430,  15.000,  25.000,   0.000,  90.000,  90.000,    4,   0.000
16:22:25:505, 28340268333497,  175.937,   69.000, 2700,   9.787, 798.953, 221.931,   7.474, 429.508, 119.308, 53,  0,   1.482, 171.700,  47.695,   0.635, 109.616,  30.449,  15.000,  25.000,   0.000,  90.000,  90.000,    2,   0.000
16:22:25:617, 28340536824393,  176.049,   49.000, 2700,   8.728, 799.929, 222.202,   6.540, 430.240, 119.511, 53,  0,   1.139, 171.828,  47.730,   0.645, 109.689,  30.469,  15.000,  25.000,   0.000,  90.000,  90.000,    9,   1.057
16:22:25:724, 28340795188692,  176.156,   23.000, 2300,   6.384, 800.616, 222.393,   4.244, 430.697, 119.638, 49,  0,   0.927, 171.928,  47.758,   0.630, 109.756,  30.488,  15.000,  25.000,   0.000,  90.000,  90.000,    1,   0.000
16:22:25:823, 28341033266156,  176.256,   21.000, 2700,   4.944, 801.107, 222.530,   2.851, 430.980, 119.717, 49,  0,   0.900, 172.017,  47.782,   0.625, 109.818,  30.505,  15.000,  25.000,   0.000,  90.000,  90.000,    1,   0.000
16:22:25:945, 28341324830212,  176.377,   35.000, 2700,   7.553, 802.024, 222.784,   5.440, 431.641, 119.900, 50,  0,   0.985, 172.137,  47.816,   0.622, 109.894,  30.526,  15.000,  25.000,   0.000,  90.000,  90.000,    2,   0.000
16:22:26:052, 28341581712703,  176.484,   17.000, 1200,   3.666, 802.417, 222.893,   1.526, 431.804, 119.946, 46,  0,   0.868, 172.229,  47.842,   0.628, 109.961,  30.545,  15.000,  25.000,   0.000,  90.000,  90.000,   29,   0.000
16:22:26:162, 28341845491786,  176.594,   20.000, 2700,   5.081, 802.975, 223.049,   2.890, 432.122, 120.034, 50,  0,   0.922, 172.331,  47.870,   0.721, 110.041,  30.567,  15.000,  25.000,   0.000,  90.000,  90.000,    6,   0.286
16:22:26:268, 28342100918234,  176.700,   32.000, 2700,   7.358, 803.758, 223.266,   5.185, 432.674, 120.187, 50,  0,   0.953, 172.432,  47.898,   0.627, 110.107,  30.585,  15.000,  25.000,   0.000,  90.000,  90.000,    1,   0.000
16:22:26:378, 28342365047157,  176.810,   18.000, 1000,   4.276, 804.229, 223.397,   2.156, 432.911, 120.253, 47,  0,   0.890, 172.530,  47.925,   0.637, 110.177,  30.605,  15.000,  25.000,   0.000,  90.000,  90.000,   29,   0.000
16:22:26:487, 28342626611056,  176.919,   12.000, 1200,   3.677, 804.629, 223.508,   1.470, 433.071, 120.298, 46,  0,   0.857, 172.624,  47.951,   0.741, 110.258,  30.627,  15.000,  25.000,   0.000,  90.000,  90.000,   22,   0.000
16:22:26:601, 28342898350395,  177.033,   42.000, 2700,   6.799, 805.399, 223.722,   4.562, 433.588, 120.441, 49,  0,   1.058, 172.743,  47.984,   0.705, 110.338,  30.649,  15.000,  25.000,   0.000,  90.000,  90.000,   12,   1.540
16:22:26:700, 28343137295433,  177.132,   39.000, 2700,   7.707, 806.167, 223.935,   5.593, 434.144, 120.596, 51,  0,   1.046, 172.848,  48.013,   0.667, 110.404,  30.668,  15.000,  25.000,   0.000,  90.000,  90.000,    1,   0.000
16:22:26:814, 28343410694980,  177.246,   27.000,  900,   4.646, 806.696, 224.082,   2.546, 434.434, 120.676, 47,  0,   1.042, 172.966,  48.046,   0.649, 110.478,  30.688,  15.000,  25.000,   0.000,  90.000,  90.000,   27,   0.000
16:22:26:922, 28343669326708,  177.354,    8.000, 2300,   4.140, 807.142, 224.206,   1.910, 434.640, 120.733, 47,  0,   0.915, 173.065,  48.074,   0.737, 110.558,  30.710,  15.000,  25.000,   0.000,  90.000,  90.000,    3,   0.039
16:22:27:026, 28343920162000,  177.458,   23.000, 2700,   5.511, 807.718, 224.366,   3.370, 434.992, 120.831, 49,  0,   0.919, 173.161,  48.100,   0.637, 110.624,  30.729,  15.000,  25.000,   0.000,  90.000,  90.000,    1,   0.000
16:22:27:148, 28344213283074,  177.581,   34.000, 2700,   7.611, 808.647, 224.624,   5.417, 435.654, 121.015, 51,  0,   1.045, 173.289,  48.136,   0.666, 110.706,  30.752,  15.000,  25.000,   0.000,  90.000,  90.000,    9,   1.231
16:22:27:254, 28344467646704,  177.687,   23.000, 1200,   3.134, 808.980, 224.717,   1.035, 435.764, 121.046, 47,  0,   0.849, 173.379,  48.161,   0.633, 110.773,  30.770,  15.000,  25.000,   0.000,  90.000,  90.000,   29,   0.000
16:22:27:365, 28344732079462,  177.797,   47.000, 2700,   7.136, 809.766, 224.935,   4.893, 436.303, 121.195, 53,  0,   1.093, 173.499,  48.194,   0.713, 110.851,  30.792,  15.000,  25.000,   0.000,  90.000,  90.000,    2,   0.000
16:22:27:478, 28345004744236,  177.910,   85.000, 2700,  10.675, 810.979, 225.272,   8.237, 437.239, 121.455, 55,  0,   1.758, 173.699,  48.250,   0.625, 110.922,  30.812,  15.000,  25.000,   0.000,  90.000,  90.000,    1,   0.000
16:22:27:594, 28345281975898,  178.026,   95.000, 2700,  10.764, 812.222, 225.617,   8.547, 438.226, 121.729, 56,  0,   1.770, 173.903,  48.306,   0.480, 110.978,  30.827,  15.000,  25.000,   0.000,  90.000,  90.000,   11,   1.749
16:22:27:690, 28345513378911,  178.122,   42.000, 2700,   7.572, 812.952, 225.820,   5.980, 438.803, 121.890, 53,  0,   1.109, 174.010,  48.336,   0.041, 110.982,  30.828,  15.000,  25.000,   0.000,  90.000,  90.000,    3,   0.213
16:22:27:801, 28345780043267,  178.233,   25.000, 1000,   5.449, 813.557, 225.988,   3.959, 439.242, 122.012, 49,  0,   0.903, 174.110,  48.364,   0.014, 110.983,  30.829,  15.000,  25.000,   0.000,  90.000,  90.000,    3,   0.000
16:22:27:907, 28346034052988,  178.339,   16.000,  700,   1.916, 813.760, 226.045,   0.570, 439.303, 122.029, 47,  0,   0.841, 174.199,  48.389,   0.037, 110.987,  30.830,  15.000,  25.000,   0.000,  90.000,  90.000,   26,   0.000
16:22:28:019, 28346302030910,  178.451,   31.000, 2700,   5.386, 814.362, 226.212,   3.767, 439.724, 122.145, 50,  0,   0.898, 174.300,  48.417,   0.228, 111.013,  30.837,  15.000,  25.000,   0.000,  90.000,  90.000,    1,   0.000
16:22:28:120, 28346544071897,  178.552,   52.000, 2700,   8.327, 815.202, 226.445,   6.303, 440.359, 122.322, 51,  0,   1.325, 174.433,  48.454,   0.382, 111.051,  30.848,  15.000,  25.000,   0.000,  90.000,  90.000,    9,   1.307
16:22:28:229, 28346807695386,  178.662,   16.000, 1000,   3.251, 815.559, 226.544,   1.126, 440.483, 122.356, 47,  0,   0.863, 174.528,  48.480,   0.633, 111.121,  30.867,  15.000,  25.000,   0.000,  90.000,  90.000,   35,   2.853
16:22:28:351, 28347100438225,  178.784,   26.000, 1000,   3.593, 815.997, 226.666,   1.377, 440.651, 122.403, 47,  0,   0.871, 174.634,  48.510,   0.741, 111.211,  30.892,  15.000,  25.000,   0.000,  90.000,  90.000,   37,   0.000
16:22:28:460, 28347361155337,  178.892,   33.000, 2700,   6.568, 816.710, 226.864,   4.404, 441.129, 122.536, 50,  0,   0.937, 174.736,  48.538,   0.711, 111.288,  30.913,  15.000,  25.000,   0.000,  90.000,  90.000,    2,   0.000
16:22:28:574, 28347649441091,  179.012,   48.000, 2800,   8.013, 817.673, 227.131,   5.817, 441.828, 122.730, 51,  0,   1.097, 174.868,  48.574,   0.644, 111.366,  30.935,  15.000,  25.000,   0.000,  90.000,  90.000,    6,   0.718
16:22:28:693, 28347919854521,  179.125,   14.000,  900,   3.173, 818.030, 227.231,   1.015, 441.942, 122.762, 47,  0,   0.868, 174.966,  48.602,   0.645, 111.438,  30.955,  15.000,  25.000,   0.000,  90.000,  90.000,   27,   0.189
16:22:28:793, 28348161555858,  179.226,   37.000,  900,   3.919, 818.425, 227.340,   1.762, 442.120, 122.811, 46,  0,   0.864, 175.053,  48.626,   0.712, 111.510,  30.975,  15.000,  25.000,   0.000,  90.000,  90.000,   50,   0.000
16:22:28:909, 28348439064104,  179.341,   36.000, 2700,   6.333, 819.157, 227.544,   4.284, 442.615, 122.949, 50,  0,   0.874, 175.154,  48.654,   0.732, 111.595,  30.999,  15.000,  25.000,   0.000,  90.000,  90.000,    3,   0.000
16:22:29:016, 28348695429338,  179.448,   27.000,  900,   5.310, 819.725, 227.701,   3.339, 442.972, 123.048, 47,  0,   0.849, 175.244,  48.679,   0.627, 111.662,  31.017,  15.000,  25.000,   0.000,  90.000,  90.000,   28,   0.000
16:22:29:134, 28348979092257,  179.566,   41.000, 2700,   7.542, 820.616, 227.949,   5.316, 443.600, 123.222, 53,  0,   1.277, 175.395,  48.721,   0.708, 111.745,  31.040,  15.000,  25.000,   0.000,  90.000,  90.000,    4,   0.285
16:22:29:235, 28349221172655,  179.667,   62.000, 2300,   8.882, 821.512, 228.198,   6.718, 444.278, 123.410, 51,  0,   1.438, 175.540,  48.761,   0.642, 111.810,  31.058,  15.000,  25.000,   0.000,  90.000,  90.000,    6,   0.544
16:22:29:350, 28349495941874,  179.782,   33.000, 2200,   3.492, 821.912, 228.309,   1.426, 444.441, 123.456, 49,  0,   0.955, 175.650,  48.792,   0.646, 111.884,  31.079,  15.000,  25.000,   0.000,  90.000,  90.000,    5,   0.000
16:22:29:464, 28349770514166,  179.896,   28.000, 1000,   5.409, 822.531, 228.481,   3.372, 444.827, 123.563, 48,  0,   1.061, 175.771,  48.825,   0.645, 111.958,  31.099,  15.000,  25.000,   0.000,  90.000,  90.000,   31,   0.000
16:22:29:583, 28350055917538,  180.015,   49.000, 2300,   6.043, 823.249, 228.680,   3.787, 445.277, 123.688, 49,  0,   1.038, 175.894,  48.860,   0.728, 112.044,  31.123,  15.000,  25.000,   0.000,  90.000,  90.000,   10,   1.178
16:22:29:694, 28350323765660,  180.127,    6.000, 2300,   3.543, 823.645, 228.790,   1.389, 445.432, 123.731, 47,  0,   0.932, 175.999,  48.888,   0.657, 112.118,  31.144,  15.000,  25.000,   0.000,  90.000,  90.000,    8,   1.010
16:22:29:802, 28350582236648,  180.234,    5.000, 2300,   3.217, 823.991, 228.886,   1.137, 445.555, 123.765, 46,  0,   0.857, 176.091,  48.914,   0.625, 112.185,  31.163,  15.000,  25.000,   0.000,  90.000,  90.000,    1,   0.000
16:22:29:902, 28350821497106,  180.334,   19.000, 2700,   4.533, 824.443, 229.012,   2.396, 445.793, 123.831, 48,  0,   1.055, 176.196,  48.943,   0.628, 112.248,  31.180,  15.000,  25.000,   0.000,  90.000,  90.000,    1,   0.000
16:22:30:016, 28351095177878,  180.448,   12.000, 1000,   3.566, 824.850, 229.125,   1.426, 445.956, 123.877, 47,  0,   0.893, 176.298,  48.972,   0.646, 112.321,  31.200,  15.000,  25.000,   0.000,  90.000,  90.000,   32,   0.735
16:22:30:123, 28351352090371,  180.555,   24.000, 2700,   5.093, 825.395, 229.276,   2.845, 446.261, 123.961, 47,  0,   1.022, 176.407,  49.002,   0.723, 112.399,  31.222,  15.000,  25.000,   0.000,  90.000,  90.000,    2,   0.000
16:22:30:233, 28351617437005,  180.666,   16.000, 1000,   3.291, 825.759, 229.377,   1.160, 446.389, 123.997, 46,  0,   0.884, 176.505,  49.029,   0.655, 112.471,  31.242,  15.000,  25.000,   0.000,  90.000,  90.000,   44,   0.394
16:22:30:356, 28351910141974,  180.788,    4.000, 2700,   4.203, 826.271, 229.520,   1.961, 446.628, 124.063, 46,  0,   0.874, 176.612,  49.059,   0.767, 112.565,  31.268,  15.000,  25.000,   0.000,  90.000,  90.000,    2,   0.000
16:22:30:464, 28352171905980,  180.897,   14.000, 1000,   2.947, 826.593, 229.609,   0.849, 446.721, 124.089, 46,  0,   0.852, 176.704,  49.085,   0.630, 112.633,  31.287,  15.000,  25.000,   0.000,  90.000,  90.000,   28,   0.000
16:22:30:588, 28352467962267,  181.020,   27.000, 1000,   4.937, 827.202, 229.778,   2.731, 447.057, 124.183, 47,  0,   0.918, 176.818,  49.116,   0.725, 112.723,  31.312,  15.000,  25.000,   0.000,  90.000,  90.000,   49,   0.821
16:22:30:697, 28352730543408,  181.129,   16.000, 1000,   3.933, 827.632, 229.898,   1.700, 447.243, 124.234, 46,  0,   0.867, 176.913,  49.142,   0.754, 112.805,  31.335,  15.000,  25.000,   0.000,  90.000,  90.000,   42,   0.000
16:22:30:804, 28352985996367,  181.236,    6.000, 2700,   3.822, 828.039, 230.011,   1.642, 447.418, 124.283, 46,  0,   0.861, 177.004,  49.168,   0.715, 112.881,  31.356,  15.000,  25.000,   0.000,  90.000,  90.000,    2,   0.000
16:22:30:913, 28353247893680,  181.345,   10.000, 2300,   3.844, 828.458, 230.127,   1.679, 447.601, 124.334, 46,  0,   0.979, 177.111,  49.198,   0.660, 112.953,  31.376,  15.000,  25.000,   0.000,  90.000,  90.000,   10,   0.554
16:22:31:019, 28353503703169,  181.452,    7.000, 2300,   3.421, 828.823, 230.229,   1.278, 447.738, 124.372, 46,  0,   0.910, 177.208,  49.224,   0.652, 113.023,  31.395,  15.000,  25.000,   0.000,  90.000,  90.000,   12,   0.414
16:22:31:129, 28353766794358,  181.561,    8.000, 2300,   3.467, 829.203, 230.334,   1.329, 447.883, 124.412, 46,  0,   0.902, 177.307,  49.252,   0.668, 113.096,  31.416,  15.000,  25.000,   0.000,  90.000,  90.000,   12,   0.379
16:22:31:236, 28354022517239,  181.668,    7.000, 2300,   3.562, 829.583, 230.440,   1.398, 448.032, 124.453, 46,  0,   0.932, 177.406,  49.279,   0.662, 113.167,  31.435,  15.000,  25.000,   0.000,  90.000,  90.000,   13,   0.738
16:22:31:357, 28354314496148,  181.789,    7.000, 2300,   3.414, 829.998, 230.555,   1.265, 448.186, 124.496, 46,  0,   0.907, 177.516,  49.310,   0.648, 113.245,  31.457,  15.000,  25.000,   0.000,  90.000,  90.000,   10,   0.389
16:22:31:467, 28354577759872,  181.899,    8.000,  800,   2.775, 830.302, 230.640,   0.834, 448.278, 124.522, 45,  0,   0.807, 177.605,  49.335,   0.644, 113.316,  31.477,  15.000,  25.000,   0.000,  90.000,  90.000,   12,   0.327
16:22:31:583, 28354870956033,  182.021,   67.000, 2800,   4.717, 830.879, 230.800,   2.630, 448.599, 124.611, 49,  0,   1.138, 177.744,  49.373,   0.659, 113.397,  31.499,  15.000,  25.000,   0.000,  90.000,  90.000,   11,   1.094
16:22:31:683, 28355096520345,  182.115,   15.000, 1100,   3.351, 831.194, 230.887,   1.329, 448.724, 124.646, 46,  0,   0.869, 177.826,  49.396,   0.637, 113.457,  31.516,  15.000,  25.000,   0.000,  90.000,  90.000,   24,   0.174
16:22:31:806, 28355392701160,  182.239,   17.000, 1100,   3.285, 831.599, 231.000,   1.084, 448.858, 124.683, 46,  0,   0.941, 177.942,  49.428,   0.693, 113.542,  31.539,  15.000,  25.000,   0.000,  90.000,  90.000,   34,   0.984
16:22:31:915, 28355654000381,  182.348,   10.000, 2700,   4.309, 832.068, 231.130,   2.112, 449.088, 124.747, 47,  0,   0.906, 178.040,  49.456,   0.706, 113.619,  31.561,  15.000,  25.000,   0.000,  90.000,  90.000,    1,   0.000
16:22:32:022, 28355910859338,  182.455,   11.000, 1100,   3.353, 832.427, 231.230,   1.265, 449.223, 124.784, 46,  0,   0.858, 178.132,  49.481,   0.626, 113.686,  31.579,  15.000,  25.000,   0.000,  90.000,  90.000,   28,   0.000
16:22:32:131, 28356172365984,  182.564,   10.000, 1200,   3.611, 832.820, 231.339,   1.433, 449.379, 124.828, 46,  0,   0.858, 178.226,  49.507,   0.708, 113.763,  31.601,  15.000,  25.000,   0.000,  90.000,  90.000,    8,   0.006
16:22:32:238, 28356428376728,  182.670,   12.000, 1200,   3.022, 833.143, 231.429,   0.881, 449.473, 124.854, 45,  0,   0.907, 178.323,  49.534,   0.664, 113.834,  31.621,  15.000,  25.000,   0.000,  90.000,  90.000,   24,   1.129
16:22:32:360, 28356720461953,  182.792,    6.000, 1900,   3.204, 833.533, 231.537,   1.073, 449.604, 124.890, 46,  0,   0.866, 178.428,  49.563,   0.657, 113.914,  31.643,  15.000,  25.000,   0.000,  90.000,  90.000,    1,   0.000
16:22:32:468, 28356981489062,  182.901,   12.000,  900,   2.951, 833.854, 231.626,   0.863, 449.698, 124.916, 45,  0,   0.849, 178.520,  49.589,   0.627, 113.982,  31.662,  15.000,  25.000,   0.000,  90.000,  90.000,   28,   0.000
16:22:32:576, 28357239035378,  183.008,   25.000, 2700,   4.819, 834.371, 231.770,   2.737, 449.991, 124.998, 46,  0,   0.856, 178.612,  49.614,   0.728, 114.060,  31.683,  15.000,  25.000,   0.000,  90.000,  90.000,   12,   1.360
16:22:32:685, 28357500512660,  183.117,   13.000,  900,   2.872, 834.684, 231.857,   0.841, 450.083, 125.023, 46,  0,   0.833, 178.703,  49.640,   0.629, 114.129,  31.702,  15.000,  25.000,   0.000,  90.000,  90.000,   29,   0.000
16:22:32:792, 28357757981700,  183.224,   13.000,  900,   3.633, 835.073, 231.965,   1.463, 450.240, 125.067, 46,  0,   0.863, 178.796,  49.665,   0.714, 114.205,  31.724,  15.000,  25.000,   0.000,  90.000,  90.000,   23,   0.000
16:22:32:901, 28358020486183,  183.334,    7.000, 2300,   3.583, 835.465, 232.074,   1.422, 450.395, 125.110, 46,  0,   0.883, 178.892,  49.692,   0.665, 114.278,  31.744,  15.000,  25.000,   0.000,  90.000,  90.000,    2,   0.000
16:22:33:014, 28358290276385,  183.446,   12.000,  900,   3.098, 835.814, 232.170,   1.026, 450.511, 125.142, 46,  0,   0.849, 178.988,  49.719,   0.627, 114.349,  31.763,  15.000,  25.000,   0.000,  90.000,  90.000,   27,   0.000
16:22:33:133, 28358577271118,  183.566,   10.000, 1500,   3.210, 836.198, 232.277,   1.112, 450.644, 125.179, 46,  0,   0.840, 179.088,  49.747,   0.697, 114.432,  31.787,  15.000,  25.000,   0.000,  90.000,  90.000,    5,   0.000
16:22:33:240, 28358832728560,  183.672,    5.000, 1500,   2.399, 836.453, 232.348,   0.631, 450.711, 125.197, 45,  0,   0.810, 179.174,  49.771,   0.463, 114.481,  31.800,  15.000,  25.000,   0.000,  90.000,  90.000,    4,   0.229
16:22:33:361, 28359123949330,  183.793,    9.000, 1500,   2.181, 836.717, 232.422,   0.627, 450.787, 125.219, 45,  0,   0.990, 179.294,  49.804,   0.013, 114.483,  31.801,  15.000,  25.000,   0.000,  90.000,  90.000,    1,   0.000
16:22:33:472, 28359390180996,  183.904,    9.000, 1500,   2.165, 836.958, 232.488,   0.633, 450.857, 125.238, 45,  0,   0.968, 179.402,  49.834,   0.017, 114.485,  31.801,  15.000,  25.000,   0.000,  90.000,  90.000,    1,   0.000
16:22:33:577, 28359663282846,  184.018,   33.000, 2800,   3.117, 837.312, 232.587,   1.549, 451.034, 125.287, 47,  0,   0.998, 179.515,  49.865,   0.065, 114.492,  31.803,  15.000,  25.000,   0.000,  90.000,  90.000,    8,   1.066
16:22:33:688, 28359907827864,  184.120,    8.000, 1500,   2.385, 837.555, 232.654,   0.854, 451.121, 125.311, 46,  0,   0.931, 179.610,  49.892,   0.035, 114.496,  31.804,  15.000,  25.000,   0.000,  90.000,  90.000,    4,   0.183
16:22:33:793, 28360160731664,  184.225,   15.000,  700,   1.716, 837.736, 232.704,   0.365, 451.159, 125.322, 45,  0,   0.829, 179.698,  49.916,   0.014, 114.497,  31.805,  15.000,  25.000,   0.000,  90.000,  90.000,   29,   0.000
16:22:33:903, 28360423908901,  184.335,   26.000, 2000,   3.092, 838.075, 232.799,   1.525, 451.326, 125.368, 46,  0,   0.874, 179.793,  49.943,   0.271, 114.527,  31.813,  15.000,  25.000,   0.000,  90.000,  90.000,    2,   0.000
16:22:34:025, 28360717437121,  184.457,   15.000,  900,   3.070, 838.451, 232.903,   1.008, 451.450, 125.403, 45,  0,   0.875, 179.901,  49.972,   0.630, 114.604,  31.834,  15.000,  25.000,   0.000,  90.000,  90.000,   25,   0.000
16:22:34:119, 28360943595491,  184.552,   34.000, 2700,   5.517, 838.971, 233.047,   3.328, 451.763, 125.490, 49,  0,   1.154, 180.009,  50.003,   0.711, 114.671,  31.853,  15.000,  25.000,   0.000,  90.000,  90.000,    2,   0.000
16:22:34:238, 28361227186975,  184.670,    6.000, 2300,   3.475, 839.381, 233.161,   1.460, 451.936, 125.538, 46,  0,   0.892, 180.115,  50.032,   0.642, 114.747,  31.874,  15.000,  25.000,   0.000,  90.000,  90.000,    6,   0.557
16:22:34:362, 28361526923290,  184.795,   11.000, 1100,   3.186, 839.779, 233.272,   1.084, 452.071, 125.575, 46,  0,   0.873, 180.224,  50.062,   0.637, 114.826,  31.896,  15.000,  25.000,   0.000,  90.000,  90.000,   28,   0.402
16:22:34:474, 28361795825586,  184.907,   17.000, 1100,   3.614, 840.184, 233.384,   1.452, 452.234, 125.621, 45,  0,   0.855, 180.319,  50.089,   0.699, 114.905,  31.918,  15.000,  25.000,   0.000,  90.000,  90.000,   36,   0.000
16:22:34:595, 28362111635578,  185.038,   35.000, 2000,   4.169, 840.733, 233.537,   1.979, 452.494, 125.693, 47,  0,   0.944, 180.444,  50.123,   0.716, 114.999,  31.944,  15.000,  25.000,   0.000,  90.000,  90.000,   12,   1.760
16:22:34:692, 28362317432900,  185.124,   13.000,  800,   2.976, 840.988, 233.608,   0.903, 452.572, 125.714, 45,  0,   0.857, 180.517,  50.144,   0.634, 115.053,  31.959,  15.000,  25.000,   0.000,  90.000,  90.000,   35,   0.140
16:22:34:794, 28362563673968,  185.227,   13.000,  900,   3.083, 841.304, 233.696,   1.070, 452.681, 125.745, 45,  0,   0.789, 180.598,  50.166,   0.704, 115.125,  31.979,  15.000,  25.000,   0.000,  90.000,  90.000,   23,   0.000
16:22:34:917, 28362857709146,  185.349,   20.000, 1700,   3.465, 841.729, 233.813,   1.390, 452.852, 125.792, 46,  0,   0.953, 180.715,  50.199,   0.660, 115.206,  32.002,  15.000,  25.000,   0.000,  90.000,  90.000,    3,   0.101
16:22:35:030, 28363128006976,  185.462,    6.000, 1700,   2.963, 842.062, 233.906,   0.859, 452.948, 125.819, 45,  0,   0.869, 180.813,  50.226,   0.628, 115.277,  32.021,  15.000,  25.000,   0.000,  90.000,  90.000,    2,   0.157
16:22:35:139, 28363391201077,  185.571,    6.000, 1700,   2.870, 842.377, 233.994,   0.780, 453.034, 125.843, 45,  0,   0.849, 180.906,  50.252,   0.627, 115.346,  32.040,  15.000,  25.000,   0.000,  90.000,  90.000,    2,   0.000
16:22:35:259, 28363678293526,  185.691,    7.000, 1700,   2.991, 842.735, 234.093,   0.909, 453.143, 125.873, 45,  0,   0.878, 181.011,  50.281,   0.635, 115.422,  32.062,  15.000,  25.000,   0.000,  90.000,  90.000,    4,   0.181
16:22:35:365, 28363932506296,  185.797,    5.000, 1700,   2.885, 843.040, 234.178,   0.800, 453.228, 125.897, 45,  0,   0.845, 181.100,  50.306,   0.628, 115.488,  32.080,  15.000,  25.000,   0.000,  90.000,  90.000,    1,   0.000
16:22:35:476, 28364200767152,  185.909,   52.000, 2700,   7.486, 843.877, 234.410,   5.206, 453.809, 126.058, 50,  0,   1.384, 181.255,  50.349,   0.630, 115.559,  32.100,  15.000,  25.000,   0.000,  90.000,  90.000,    3,   0.000
16:22:35:580, 28364450474586,  186.013,   23.000, 2300,   8.215, 844.732, 234.648,   5.924, 454.426, 126.229, 49,  0,   1.289, 181.389,  50.386,   0.652, 115.626,  32.118,  15.000,  25.000,   0.000,  90.000,  90.000,    9,   1.173
16:22:35:693, 28364720700080,  186.125,   11.000, 1000,   3.050, 845.075, 234.743,   0.944, 454.532, 126.259, 47,  0,   0.862, 181.486,  50.413,   0.627, 115.697,  32.138,  15.000,  25.000,   0.000,  90.000,  90.000,   16,   0.000
16:22:35:797, 28364970315279,  186.229,    7.000, 1600,   3.155, 845.403, 234.834,   1.008, 454.637, 126.288, 46,  0,   0.866, 181.576,  50.438,   0.673, 115.767,  32.157,  15.000,  25.000,   0.000,  90.000,  90.000,    2,   0.000
16:22:35:910, 28365241242382,  186.342,    9.000, 1600,   3.000, 845.742, 234.928,   0.915, 454.740, 126.317, 46,  0,   0.870, 181.675,  50.465,   0.631, 115.838,  32.177,  15.000,  25.000,   0.000,  90.000,  90.000,    3,   0.000
16:22:36:013, 28365488794394,  186.445,    7.000, 1600,   3.021, 846.054, 235.015,   0.888, 454.832, 126.342, 46,  0,   0.878, 181.765,  50.490,   0.638, 115.904,  32.196,  15.000,  25.000,   0.000,  90.000,  90.000,    1,   0.000
16:22:36:125, 28365758423656,  186.558,   14.000,  900,   2.819, 846.370, 235.103,   0.736, 454.914, 126.365, 46,  0,   0.840, 181.860,  50.517,   0.633, 115.975,  32.215,  15.000,  25.000,   0.000,  90.000,  90.000,   33,   0.000
16:22:36:244, 28366042416740,  186.676,    6.000, 2700,   3.847, 846.826, 235.229,   1.645, 455.109, 126.419, 46,  0,   0.887, 181.965,  50.546,   0.735, 116.062,  32.239,  15.000,  25.000,   0.000,  90.000,  90.000,    7,   0.317
16:22:36:342, 28366277893641,  186.774,   28.000, 1900,   3.637, 847.182, 235.328,   1.561, 455.262, 126.462, 47,  0,   1.031, 182.066,  50.574,   0.629, 116.124,  32.257,  15.000,  25.000,   0.000,  90.000,  90.000,    2,   0.000
16:22:36:455, 28366548906596,  186.887,   19.000, 1200,   3.534, 847.582, 235.439,   1.498, 455.432, 126.509, 46,  0,   0.955, 182.174,  50.604,   0.634, 116.195,  32.276,  15.000,  25.000,   0.000,  90.000,  90.000,   28,   0.000
16:22:36:567, 28366854590242,  187.014,   31.000, 2700,   5.343, 848.262, 235.628,   3.169, 455.835, 126.621, 50,  0,   0.929, 182.292,  50.637,   0.714, 116.286,  32.302,  15.000,  25.000,   0.000,  90.000,  90.000,    4,   0.489
16:22:36:680, 28367089454979,  187.112,   16.000, 1200,   3.105, 848.566, 235.713,   0.995, 455.933, 126.648, 46,  0,   0.869, 182.377,  50.660,   0.638, 116.349,  32.319,  15.000,  25.000,   0.000,  90.000,  90.000,   41,   0.292
16:22:36:783, 28367337277984,  187.216,   23.000,  900,   4.074, 848.987, 235.830,   1.851, 456.124, 126.701, 46,  0,   0.876, 182.467,  50.685,   0.765, 116.428,  32.341,  15.000,  25.000,   0.000,  90.000,  90.000,   26,   0.007
16:22:36:897, 28367609917290,  187.329,   12.000, 1500,   3.322, 849.364, 235.934,   1.126, 456.252, 126.737, 46,  0,   0.974, 182.578,  50.716,   0.694, 116.506,  32.363,  15.000,  25.000,   0.000,  90.000,  90.000,    7,   1.490
16:22:36:999, 28367854349700,  187.431,    9.000, 2300,   3.194, 849.689, 236.025,   1.084, 456.362, 126.767, 45,  0,   0.888, 182.668,  50.741,   0.627, 116.570,  32.381,  15.000,  25.000,   0.000,  90.000,  90.000,    1,   0.000
16:22:37:113, 28368128696067,  187.545,   12.000, 1000,   3.067, 850.040, 236.122,   0.962, 456.472, 126.798, 45,  0,   0.856, 182.766,  50.768,   0.626, 116.642,  32.401,  15.000,  25.000,   0.000,  90.000,  90.000,   27,   0.000
16:22:37:215, 28368373780108,  187.647,   16.000, 1000,   3.837, 850.432, 236.231,   1.626, 456.638, 126.844, 46,  0,   0.886, 182.857,  50.794,   0.742, 116.718,  32.422,  15.000,  25.000,   0.000,  90.000,  90.000,   43,   0.672
16:22:37:329, 28368646648126,  187.761,   14.000, 1100,   3.606, 850.842, 236.345,   1.442, 456.802, 126.889, 45,  0,   0.855, 182.954,  50.821,   0.714, 116.799,  32.444,  15.000,  25.000,   0.000,  90.000,  90.000,   26,   0.000
16:22:37:437, 28368906835942,  187.870,   52.000, 2700,   7.299, 851.633, 236.565,   5.054, 457.350, 127.042, 52,  0,   1.308, 183.096,  50.860,   0.697, 116.874,  32.465,  15.000,  25.000,   0.000,  90.000,  90.000,    2,   0.000
16:22:37:606, 28369312413972,  188.039,   87.000, 2700,  10.683, 853.438, 237.066,   8.381, 458.766, 127.435, 55,  0,   1.701, 183.383,  50.940,   0.662, 116.986,  32.496,  15.000,  25.000,   0.000,  90.000,  90.000,    6,   0.968
16:22:37:682, 28369494964875,  188.115,   13.000,  900,   3.304, 853.690, 237.136,   1.330, 458.867, 127.463, 49,  0,   0.803, 183.444,  50.957,   0.671, 117.037,  32.510,  15.000,  25.000,   0.000,  90.000,  90.000,   40,   0.155
16:22:37:814, 28369811322356,  188.246,   15.000, 1000,   3.571, 854.161, 237.267,   1.421, 459.055, 127.515, 47,  0,   0.857, 183.557,  50.988,   0.735, 117.134,  32.537,  15.000,  25.000,   0.000,  90.000,  90.000,   31,   0.000
16:22:37:930, 28370089293506,  188.362,    8.000, 2300,   3.973, 854.621, 237.395,   1.791, 459.262, 127.573, 46,  0,   0.888, 183.660,  51.017,   0.724, 117.218,  32.561,  15.000,  25.000,   0.000,  90.000,  90.000,    2,   0.000
16:22:38:034, 28370338700358,  188.466,    5.000, 2300,   3.162, 854.949, 237.486,   1.071, 459.373, 127.604, 46,  0,   0.857, 183.749,  51.041,   0.635, 117.284,  32.579,  15.000,  25.000,   0.000,  90.000,  90.000,    1,   0.000
16:22:38:147, 28370610743933,  188.580,   21.000, 2300,   4.958, 855.511, 237.642,   2.715, 459.681, 127.689, 46,  0,   1.086, 183.872,  51.076,   0.674, 117.360,  32.600,  15.000,  25.000,   0.000,  90.000,  90.000,    6,   0.925
16:22:38:262, 28370886454623,  188.694,    6.000,  800,   3.053, 855.862, 237.739,   0.997, 459.796, 127.721, 46,  0,   0.847, 183.970,  51.103,   0.655, 117.435,  32.621,  15.000,  25.000,   0.000,  90.000,  90.000,    4,   0.204
16:22:38:370, 28371145510380,  188.802,   21.000,  900,   2.881, 856.173, 237.826,   0.805, 459.882, 127.745, 46,  0,   0.885, 184.065,  51.129,   0.641, 117.505,  32.640,  15.000,  25.000,   0.000,  90.000,  90.000,   37,   0.000
16:22:38:484, 28371418581564,  188.916,    8.000, 1600,   3.501, 856.571, 237.937,   1.280, 460.028, 127.786, 46,  0,   0.853, 184.162,  51.156,   0.768, 117.592,  32.664,  15.000,  25.000,   0.000,  90.000,  90.000,    2,   0.000
16:22:38:594, 28371681983554,  189.026,   29.000, 2700,   5.167, 857.139, 238.094,   2.961, 460.353, 127.876, 50,  0,   1.028, 184.275,  51.188,   0.660, 117.664,  32.685,  15.000,  25.000,   0.000,  90.000,  90.000,    7,   0.772
16:22:38:701, 28371938997956,  189.133,   14.000, 1300,   3.220, 857.483, 238.190,   1.116, 460.473, 127.909, 46,  0,   0.865, 184.368,  51.213,   0.637, 117.733,  32.704,  15.000,  25.000,   0.000,  90.000,  90.000,   36,   0.216
16:22:38:809, 28372199817291,  189.242,   29.000, 2700,   5.368, 858.067, 238.352,   3.176, 460.818, 128.005, 47,  0,   1.064, 184.483,  51.245,   0.769, 117.816,  32.727,  15.000,  25.000,   0.000,  90.000,  90.000,    2,   0.000
16:22:38:926, 28372480342108,  189.359,   24.000,  900,   3.026, 858.420, 238.450,   0.974, 460.932, 128.037, 46,  0,   0.937, 184.593,  51.276,   0.653, 117.893,  32.748,  15.000,  25.000,   0.000,  90.000,  90.000,   29,   0.741
16:22:39:030, 28372728944957,  189.462,    7.000, 2700,   3.834, 858.818, 238.560,   1.680, 461.106, 128.085, 46,  0,   0.867, 184.683,  51.301,   0.704, 117.965,  32.768,  15.000,  25.000,   0.000,  90.000,  90.000,    2,   0.000
16:22:39:147, 28373010787829,  189.580,   42.000, 2700,   7.785, 859.732, 238.814,   5.456, 461.746, 128.263, 50,  0,   1.376, 184.844,  51.346,   0.649, 118.042,  32.789,  15.000,  25.000,   0.000,  90.000,  90.000,    1,   0.000
16:22:39:248, 28373251363514,  189.680,   43.000, 2300,   8.357, 860.569, 239.047,   5.979, 462.346, 128.429, 50,  0,   1.456, 184.990,  51.386,   0.705, 118.112,  32.809,  15.000,  25.000,   0.000,  90.000,  90.000,   14,   1.778
16:22:39:372, 28373549644304,  189.804,    7.000, 2300,   3.421, 860.995, 239.165,   1.318, 462.509, 128.475, 47,  0,   0.884, 185.100,  51.417,   0.641, 118.192,  32.831,  15.000,  25.000,   0.000,  90.000,  90.000,    1,   0.000
16:22:39:487, 28373824914822,  189.919,   11.000,  900,   3.148, 861.356, 239.265,   1.039, 462.629, 128.508, 46,  0,   0.852, 185.198,  51.444,   0.644, 118.266,  32.852,  15.000,  25.000,   0.000,  90.000,  90.000,   27,   0.000
16:22:39:602, 28374101664312,  190.034,   29.000, 2700,   5.892, 862.035, 239.454,   3.640, 463.048, 128.625, 49,  0,   1.013, 185.315,  51.476,   0.740, 118.351,  32.875,  15.000,  25.000,   0.000,  90.000,  90.000,   12,   1.270
16:22:39:705, 28374349160618,  190.137,    5.000, 2300,   3.314, 862.377, 239.549,   1.217, 463.174, 128.659, 47,  0,   0.865, 185.404,  51.501,   0.645, 118.418,  32.894,  15.000,  25.000,   0.000,  90.000,  90.000,    1,   0.000
16:22:39:821, 28374627106567,  190.253,   11.000,  900,   2.978, 862.722, 239.645,   0.928, 463.281, 128.689, 46,  0,   0.833, 185.500,  51.528,   0.635, 118.491,  32.914,  15.000,  25.000,   0.000,  90.000,  90.000,   27,   0.000
16:22:39:931, 28374892300164,  190.364,   16.000, 2700,   4.292, 863.196, 239.777,   2.238, 463.529, 128.758, 47,  0,   0.914, 185.601,  51.556,   0.727, 118.572,  32.937,  15.000,  25.000,   0.000,  90.000,  90.000,    6,   0.599
16:22:40:029, 28375127997603,  190.462,    8.000,  800,   2.684, 863.460, 239.850,   0.753, 463.602, 128.778, 45,  0,   0.797, 185.680,  51.578,   0.643, 118.635,  32.954,  15.000,  25.000,   0.000,  90.000,  90.000,    8,   0.222
16:22:40:141, 28375395341500,  190.573,   21.000, 2100,   3.898, 863.894, 239.971,   1.760, 463.799, 128.833, 46,  0,   1.005, 185.792,  51.609,   0.654, 118.708,  32.974,  15.000,  25.000,   0.000,  90.000,  90.000,    2,   0.000
16:22:40:252, 28375662258516,  190.684,    7.000, 2100,   3.226, 864.253, 240.070,   1.090, 463.920, 128.867, 46,  0,   0.892, 185.891,  51.636,   0.642, 118.779,  32.994,  15.000,  25.000,   0.000,  90.000,  90.000,    4,   0.230
16:22:40:353, 28375905659553,  190.786,    6.000, 2100,   3.098, 864.567, 240.157,   1.012, 464.023, 128.895, 45,  0,   0.851, 185.977,  51.660,   0.642, 118.844,  33.012,  15.000,  25.000,   0.000,  90.000,  90.000,    1,   0.000
16:22:40:467, 28376179115877,  190.900,    5.000, 2100,   3.055, 864.915, 240.254,   0.964, 464.132, 128.926, 45,  0,   0.849, 186.074,  51.687,   0.632, 118.916,  33.032,  15.000,  25.000,   0.000,  90.000,  90.000,    1,   0.000
16:22:40:607, 28376526573510,  191.044,   28.000, 2800,   3.666, 865.446, 240.402,   1.627, 464.368, 128.991, 47,  0,   0.848, 186.197,  51.721,   0.645, 119.009,  33.058,  15.000,  25.000,   0.000,  90.000,  90.000,    5,   0.555
16:22:40:692, 28376717456672,  191.124,   15.000,  800,   2.741, 865.664, 240.462,   0.814, 464.433, 129.009, 45,  0,   0.791, 186.260,  51.739,   0.642, 119.060,  33.072,  15.000,  25.000,   0.000,  90.000,  90.000,   33,   0.243
16:22:40:792, 28376956790028,  191.224,    7.000, 2200,   3.555, 866.018, 240.561,   1.359, 464.568, 129.047, 45,  0,   0.886, 186.348,  51.763,   0.708, 119.131,  33.092,  15.000,  25.000,   0.000,  90.000,  90.000,    3,   0.000
16:22:40:908, 28377236669448,  191.340,    8.000, 2200,   3.410, 866.416, 240.671,   1.299, 464.720, 129.089, 46,  0,   0.911, 186.454,  51.793,   0.628, 119.204,  33.112,  15.000,  25.000,   0.000,  90.000,  90.000,    1,   0.000
16:22:41:023, 28377513467344,  191.456,    5.000, 2200,   3.104, 866.774, 240.771,   1.017, 464.837, 129.121, 45,  0,   0.847, 186.552,  51.820,   0.633, 119.277,  33.133,  15.000,  25.000,   0.000,  90.000,  90.000,    1,   0.000
16:22:41:125, 28377756013418,  191.557,    6.000, 2200,   3.170, 867.094, 240.860,   1.080, 464.946, 129.152, 45,  0,   0.859, 186.639,  51.844,   0.625, 119.340,  33.150,  15.000,  25.000,   0.000,  90.000,  90.000,    1,   0.000
16:22:41:240, 28378032882089,  191.672,   25.000, 2200,   4.175, 867.576, 240.993,   2.076, 465.185, 129.218, 47,  0,   1.086, 186.764,  51.879,   0.640, 119.414,  33.171,  15.000,  25.000,   0.000,  90.000,  90.000,    5,   0.269
16:22:41:340, 28378274218884,  191.773,   13.000,  900,   3.114, 867.889, 241.080,   1.092, 465.295, 129.249, 46,  0,   0.864, 186.851,  51.903,   0.646, 119.479,  33.189,  15.000,  25.000,   0.000,  90.000,  90.000,    9,   0.005
16:22:41:461, 28378563492489,  191.893,   18.000,  900,   3.005, 868.251, 241.181,   0.857, 465.399, 129.277, 45,  0,   0.931, 186.963,  51.934,   0.665, 119.559,  33.211,  15.000,  25.000,   0.000,  90.000,  90.000,   32,   0.939
16:22:41:655, 28379033378566,  192.089,   42.000, 2300,   3.701, 868.976, 241.382,   1.516, 465.695, 129.360, 46,  0,   0.931, 187.145,  51.985,   0.692, 119.695,  33.249,  15.000,  25.000,   0.000,  90.000,  90.000,    9,   1.242
16:22:41:694, 28379121874418,  192.126,   11.000, 2700,   3.613, 869.109, 241.419,   1.554, 465.753, 129.376, 46,  0,   0.924, 187.180,  51.994,   0.515, 119.714,  33.254,  15.000,  25.000,   0.000,  90.000,  90.000,   14,   0.509
16:22:41:794, 28379362801762,  192.226,    7.000, 2700,   2.920, 869.402, 241.501,   1.376, 465.891, 129.414, 46,  0,   0.998, 187.280,  52.022,   0.026, 119.716,  33.255,  15.000,  25.000,   0.000,  90.000,  90.000,    1,   0.000
16:22:41:910, 28379641675920,  192.342,   15.000,  800,   2.067, 869.643, 241.567,   0.675, 465.969, 129.436, 45,  0,   0.857, 187.379,  52.050,   0.012, 119.718,  33.255,  15.000,  25.000,   0.000,  90.000,  90.000,   12,   0.000
16:22:42:010, 28379881191664,  192.442,   19.000, 1200,   2.456, 869.888, 241.635,   0.870, 466.056, 129.460, 45,  0,   0.946, 187.474,  52.076,   0.127, 119.730,  33.258,  15.000,  25.000,   0.000,  90.000,  90.000,   34,   0.000
16:22:42:127, 28380162263523,  192.559,    7.000, 2700,   3.364, 870.282, 241.745,   1.576, 466.241, 129.511, 46,  0,   0.947, 187.584,  52.107,   0.252, 119.760,  33.267,  15.000,  25.000,   0.000,  90.000,  90.000,    1,   0.000
16:22:42:243, 28380439174974,  192.675,    7.000, 2400,   3.104, 870.640, 241.844,   1.327, 466.394, 129.554, 46,  0,   0.967, 187.696,  52.138,   0.271, 119.791,  33.275,  15.000,  25.000,   0.000,  90.000,  90.000,    6,   0.351
16:22:42:343, 28380679856506,  192.775,    8.000, 2300,   3.423, 870.983, 241.940,   1.324, 466.527, 129.591, 46,  0,   0.889, 187.785,  52.163,   0.631, 119.854,  33.293,  15.000,  25.000,   0.000,  90.000,  90.000,    2,   0.000
16:22:42:459, 28380958022319,  192.891,   13.000, 1100,   3.010, 871.332, 242.037,   0.926, 466.634, 129.621, 46,  0,   0.862, 187.885,  52.190,   0.632, 119.928,  33.313,  15.000,  25.000,   0.000,  90.000,  90.000,   31,   0.000
16:22:42:559, 28381199185766,  192.991,   15.000, 1100,   3.595, 871.693, 242.137,   1.480, 466.783, 129.662, 45,  0,   0.840, 187.969,  52.214,   0.726, 120.001,  33.334,  15.000,  25.000,   0.000,  90.000,  90.000,   33,   0.000
16:22:42:674, 28381475152482,  193.106,   18.000, 1100,   4.750, 872.239, 242.289,   2.618, 467.084, 129.745, 46,  0,   0.886, 188.071,  52.242,   0.701, 120.081,  33.356,  15.000,  25.000,   0.000,  90.000,  90.000,   32,   0.959
16:22:42:781, 28381730797751,  193.213,    5.000, 2300,   3.687, 872.632, 242.398,   1.530, 467.247, 129.791, 46,  0,   0.855, 188.162,  52.267,   0.701, 120.156,  33.377,  15.000,  25.000,   0.000,  90.000,  90.000,    2,   0.000
16:22:42:897, 28382009792519,  193.329,   17.000, 1100,   3.169, 873.000, 242.500,   1.073, 467.372, 129.825, 46,  0,   0.863, 188.263,  52.295,   0.639, 120.230,  33.397,  15.000,  25.000,   0.000,  90.000,  90.000,   36,   0.000
16:22:42:998, 28382251206328,  193.430,    9.000, 1900,   4.133, 873.416, 242.616,   1.860, 467.559, 129.877, 47,  0,   0.907, 188.354,  52.321,   0.768, 120.308,  33.419,  15.000,  25.000,   0.000,  90.000,  90.000,    2,   0.000
16:22:43:114, 28382530651110,  193.546,   12.000,  900,   2.885, 873.752, 242.709,   0.847, 467.657, 129.905, 46,  0,   0.831, 188.451,  52.347,   0.637, 120.382,  33.439,  15.000,  25.000,   0.000,  90.000,  90.000,   27,   0.000
16:22:43:214, 28382770599580,  193.646,   16.000,  900,   3.786, 874.131, 242.814,   1.668, 467.824, 129.951, 46,  0,   0.871, 188.538,  52.372,   0.729, 120.455,  33.460,  15.000,  25.000,   0.000,  90.000,  90.000,   29,   0.296
16:22:43:331, 28383051136674,  193.763,   17.000,  900,   3.156, 874.500, 242.917,   0.997, 467.941, 129.984, 45,  0,   0.888, 188.641,  52.400,   0.677, 120.534,  33.482,  15.000,  25.000,   0.000,  90.000,  90.000,   30,   0.000
16:22:43:445, 28383326591444,  193.878,   14.000, 1200,   3.487, 874.900, 243.028,   1.312, 468.091, 130.025, 46,  0,   0.859, 188.740,  52.428,   0.710, 120.615,  33.504,  15.000,  25.000,   0.000,  90.000,  90.000,   34,   0.000
16:22:43:546, 28383568252682,  193.978,   18.000, 1100,   3.745, 875.277, 243.132,   1.553, 468.248, 130.069, 46,  0,   0.855, 188.826,  52.452,   0.723, 120.688,  33.524,  15.000,  25.000,   0.000,  90.000,  90.000,   27,   0.000
16:22:43:654, 28383826356745,  194.086,   28.000, 2700,   6.014, 875.924, 243.312,   3.909, 468.668, 130.186, 47,  0,   1.111, 188.946,  52.485,   0.727, 120.766,  33.546,  15.000,  25.000,   0.000,  90.000,  90.000,   13,   1.439
16:22:43:762, 28384086623756,  194.194,   11.000, 1100,   3.294, 876.281, 243.411,   1.179, 468.796, 130.221, 46,  0,   0.858, 189.039,  52.511,   0.646, 120.836,  33.566,  15.000,  25.000,   0.000,  90.000,  90.000,   21,   0.000
16:22:43:877, 28384361906416,  194.309,    7.000, 2300,   3.446, 876.676, 243.521,   1.300, 468.945, 130.262, 46,  0,   0.888, 189.141,  52.539,   0.689, 120.915,  33.588,  15.000,  25.000,   0.000,  90.000,  90.000,    2,   0.000
16:22:43:983, 28384617400100,  194.416,   15.000, 1000,   3.755, 877.076, 243.632,   1.602, 469.116, 130.310, 46,  0,   0.932, 189.240,  52.567,   0.657, 120.985,  33.607,  15.000,  25.000,   0.000,  90.000,  90.000,   34,   0.817
16:22:44:100, 28384896742856,  194.532,    5.000, 2300,   3.680, 877.504, 243.751,   1.508, 469.291, 130.359, 46,  0,   0.858, 189.340,  52.594,   0.709, 121.068,  33.630,  15.000,  25.000,   0.000,  90.000,  90.000,    2,   0.000
16:22:44:201, 28385138794310,  194.633,   16.000, 1000,   3.028, 877.810, 243.836,   0.934, 469.385, 130.385, 45,  0,   0.853, 189.426,  52.618,   0.630, 121.131,  33.648,  15.000,  25.000,   0.000,  90.000,  90.000,   30,   0.088
16:22:44:317, 28385418457360,  194.749,    8.000, 1600,   3.432, 878.210, 243.947,   1.209, 469.526, 130.424, 45,  0,   0.912, 189.532,  52.648,   0.723, 121.216,  33.671,  15.000,  25.000,   0.000,  90.000,  90.000,    6,   0.964
16:22:44:417, 28385657681746,  194.849,    7.000, 1600,   2.931, 878.502, 244.028,   0.851, 469.611, 130.447, 45,  0,   0.862, 189.618,  52.672,   0.631, 121.278,  33.688,  15.000,  25.000,   0.000,  90.000,  90.000,    1,   0.000
16:22:44:533, 28385937377316,  194.966,    7.000, 1600,   2.900, 878.840, 244.122,   0.805, 469.705, 130.474, 45,  0,   0.856, 189.718,  52.699,   0.628, 121.352,  33.709,  15.000,  25.000,   0.000,  90.000,  90.000,    1,   0.000
16:22:44:646, 28386207844226,  195.078,   28.000, 2700,   4.254, 879.319, 244.255,   2.088, 469.940, 130.539, 46,  0,   0.943, 189.824,  52.729,   0.657, 121.426,  33.729,  15.000,  25.000,   0.000,  90.000,  90.000,   11,   1.553
16:22:44:748, 28386453295064,  195.181,    6.000, 1600,   3.066, 879.633, 244.342,   0.989, 470.041, 130.567, 46,  0,   0.847, 189.911,  52.753,   0.628, 121.490,  33.747,  15.000,  25.000,   0.000,  90.000,  90.000,    1,   0.000
16:22:44:865, 28386732508218,  195.297,    7.000, 1600,   2.941, 879.975, 244.437,   0.853, 470.141, 130.595, 45,  0,   0.861, 190.011,  52.781,   0.626, 121.563,  33.767,  15.000,  25.000,   0.000,  90.000,  90.000,    1,   0.000
16:22:44:963, 28386969060902,  195.396,   21.000, 2700,   4.764, 880.444, 244.568,   2.584, 470.395, 130.665, 46,  0,   1.069, 190.116,  52.810,   0.635, 121.625,  33.785,  15.000,  25.000,   0.000,  90.000,  90.000,    5,   0.240
16:22:45:087, 28387265129282,  195.519,   10.000, 1000,   3.033, 880.819, 244.672,   0.950, 470.512, 130.698, 45,  0,   0.851, 190.221,  52.839,   0.625, 121.703,  33.806,  15.000,  25.000,   0.000,  90.000,  90.000,   15,   0.000
16:22:45:187, 28387506998489,  195.620,    7.000, 1600,   3.106, 881.132, 244.759,   0.964, 470.610, 130.725, 45,  0,   0.867, 190.309,  52.863,   0.666, 121.770,  33.825,  15.000,  25.000,   0.000,  90.000,  90.000,    2,   0.000
16:22:45:303, 28387784704628,  195.735,    8.000, 1600,   2.975, 881.476, 244.854,   0.862, 470.709, 130.753, 46,  0,   0.888, 190.411,  52.892,   0.631, 121.843,  33.845,  15.000,  25.000,   0.000,  90.000,  90.000,    4,   0.226
16:22:45:404, 28388027921907,  195.837,   22.000, 1600,   3.305, 881.811, 244.947,   1.191, 470.830, 130.786, 46,  0,   0.971, 190.510,  52.919,   0.628, 121.906,  33.863,  15.000,  25.000,   0.000,  90.000,  90.000,    5,   0.000
16:22:45:520, 28388304473911,  195.952,   60.000, 2700,   8.408, 882.780, 245.217,   6.112, 471.534, 130.982, 51,  0,   1.443, 190.676,  52.966,   0.635, 121.979,  33.883,  15.000,  25.000,   0.000,  90.000,  90.000,    1,   0.000
16:22:45:620, 28388554466088,  196.056,   31.000, 2800,   6.044, 883.409, 245.391,   3.860, 471.936, 131.093, 50,  0,   1.078, 190.788,  52.997,   0.644, 122.046,  33.902,  15.000,  25.000,   0.000,  90.000,  90.000,    7,   0.838
16:22:45:750, 28388857410567,  196.182,   17.000, 2300,   4.660, 883.997, 245.555,   2.599, 472.265, 131.185, 47,  0,   1.033, 190.919,  53.033,   0.631, 122.126,  33.924,  15.000,  25.000,   0.000,  90.000,  90.000,    3,   0.222
16:22:45:863, 28389128721507,  196.295,   19.000, 1000,   3.242, 884.364, 245.657,   1.128, 472.392, 131.220, 46,  0,   0.876, 191.018,  53.060,   0.623, 122.196,  33.943,  15.000,  25.000,   0.000,  90.000,  90.000,   28,   0.000
16:22:45:969, 28389382129578,  196.401,   19.000, 1100,   3.821, 884.767, 245.769,   1.605, 472.561, 131.267, 46,  0,   0.966, 191.120,  53.089,   0.731, 122.274,  33.965,  15.000,  25.000,   0.000,  90.000,  90.000,   50,   1.267
16:22:46:085, 28389660191600,  196.517,   15.000, 1200,   3.663, 885.192, 245.887,   1.478, 472.733, 131.315, 46,  0,   0.859, 191.219,  53.116,   0.713, 122.356,  33.988,  15.000,  25.000,   0.000,  90.000,  90.000,   40,   0.000
16:22:46:191, 28389914557308,  196.623,    6.000, 2000,   3.513, 885.564, 245.990,   1.328, 472.873, 131.354, 45,  0,   0.859, 191.310,  53.142,   0.719, 122.432,  34.009,  15.000,  25.000,   0.000,  90.000,  90.000,    2,   0.000
16:22:46:305, 28390189800219,  196.737,    7.000, 2000,   3.177, 885.929, 246.091,   1.047, 472.994, 131.387, 45,  0,   0.906, 191.414,  53.171,   0.646, 122.507,  34.030,  15.000,  25.000,   0.000,  90.000,  90.000,   10,   1.044
16:22:46:407, 28390434873130,  196.840,    5.000, 2000,   3.047, 886.240, 246.178,   0.961, 473.092, 131.414, 45,  0,   0.860, 191.502,  53.195,   0.631, 122.571,  34.047,  15.000,  25.000,   0.000,  90.000,  90.000,    1,   0.000
16:22:46:521, 28390708630268,  196.954,   27.000,  900,   2.881, 886.568, 246.269,   0.788, 473.182, 131.439, 46,  0,   0.852, 191.599,  53.222,   0.630, 122.643,  34.067,  15.000,  25.000,   0.000,  90.000,  90.000,   26,   0.000
16:22:46:623, 28390966271050,  197.061,   30.000, 2800,   4.879, 887.092, 246.414,   2.701, 473.472, 131.520, 48,  0,   0.981, 191.704,  53.251,   0.724, 122.721,  34.089,  15.000,  25.000,   0.000,  90.000,  90.000,   13,   1.378
16:22:46:738, 28391229388775,  197.171,   12.000,  900,   2.613, 887.379, 246.494,   0.689, 473.547, 131.541, 45,  0,   0.774, 191.789,  53.275,   0.634, 122.790,  34.108,  15.000,  25.000,   0.000,  90.000,  90.000,   31,   0.235
16:22:46:840, 28391472488418,  197.272,   15.000,  900,   3.267, 887.709, 246.586,   1.274, 473.676, 131.577, 46,  0,   0.787, 191.869,  53.297,   0.721, 122.863,  34.129,  15.000,  25.000,   0.000,  90.000,  90.000,   41,   0.000
16:22:46:954, 28391747843461,  197.387,    9.000, 2700,   3.673, 888.131, 246.703,   1.653, 473.866, 131.629, 45,  0,   0.831, 191.964,  53.323,   0.694, 122.943,  34.151,  15.000,  25.000,   0.000,  90.000,  90.000,    1,   0.000
16:22:47:071, 28392028506067,  197.504,   11.000,  900,   2.625, 888.438, 246.788,   0.709, 473.949, 131.652, 45,  0,   0.782, 192.056,  53.349,   0.625, 123.016,  34.171,  15.000,  25.000,   0.000,  90.000,  90.000,   29,   0.000
16:22:47:170, 28392266725084,  197.603,   12.000,  800,   3.223, 888.758, 246.877,   1.201, 474.068, 131.686, 45,  0,   0.796, 192.135,  53.371,   0.721, 123.087,  34.191,  15.000,  25.000,   0.000,  90.000,  90.000,   33,   0.000
16:22:47:287, 28392546547314,  197.719,    7.000, 2200,   3.446, 889.160, 246.989,   1.294, 474.219, 131.727, 45,  0,   0.887, 192.238,  53.400,   0.681, 123.167,  34.213,  15.000,  25.000,   0.000,  90.000,  90.000,    5,   0.286
16:22:47:393, 28392801098276,  197.826,   18.000, 2200,   3.952, 889.579, 247.105,   1.818, 474.412, 131.781, 47,  0,   1.004, 192.345,  53.429,   0.622, 123.233,  34.231,  15.000,  25.000,   0.000,  90.000,  90.000,    3,   0.000
16:22:47:506, 28393070787930,  197.938,   81.000, 2700,   9.913, 890.693, 247.415,   7.604, 475.266, 132.018, 53,  0,   1.658, 192.531,  53.481,   0.630, 123.304,  34.251,  15.000,  25.000,   0.000,  90.000,  90.000,    1,   0.000
16:22:47:665, 28393452661742,  198.097,   95.000, 2700,  10.505, 892.364, 247.879,   8.177, 476.567, 132.380, 54,  0,   1.685, 192.799,  53.555,   0.639, 123.405,  34.279,  15.000,  25.000,   0.000,  90.000,  90.000,    7,   0.781
16:22:47:727, 28393602587459,  198.159,    7.000, 2300,   4.535, 892.648, 247.958,   2.284, 476.710, 132.419, 49,  0,   0.970, 192.860,  53.572,   0.645, 123.446,  34.290,  15.000,  25.000,   0.000,  90.000,  90.000,    6,   0.245
16:22:47:825, 28393835963480,  198.257,    6.000, 2300,   3.273, 892.966, 248.046,   1.193, 476.826, 132.452, 47,  0,   0.859, 192.943,  53.595,   0.625, 123.506,  34.307,  15.000,  25.000,   0.000,  90.000,  90.000,    1,   0.000
16:22:47:948, 28394132797645,  198.380,    8.000, 2300,   3.449, 893.393, 248.165,   1.333, 476.991, 132.497, 46,  0,   0.928, 193.058,  53.627,   0.620, 123.583,  34.329,  15.000,  25.000,   0.000,  90.000,  90.000,    1,   0.000
16:22:48:071, 28394426651367,  198.503,   27.000, 1100,   3.059, 893.767, 248.269,   0.981, 477.111, 132.531, 46,  0,   0.882, 193.166,  53.657,   0.623, 123.659,  34.350,  15.000,  25.000,   0.000,  90.000,  90.000,   18,   0.000
16:22:48:179, 28394686110232,  198.611,   10.000, 2300,   4.790, 894.285, 248.413,   2.541, 477.386, 132.607, 46,  0,   1.087, 193.284,  53.690,   0.684, 123.733,  34.370,  15.000,  25.000,   0.000,  90.000,  90.000,    9,   1.029
16:22:48:289, 28394950462313,  198.721,   29.000, 1600,   3.581, 894.679, 248.522,   1.470, 477.548, 132.652, 46,  0,   1.046, 193.399,  53.722,   0.635, 123.803,  34.390,  15.000,  25.000,   0.000,  90.000,  90.000,    5,   0.220
16:22:48:396, 28395206724755,  198.828,   16.000,  800,   2.970, 894.997, 248.610,   1.024, 477.657, 132.682, 46,  0,   0.869, 193.492,  53.748,   0.632, 123.871,  34.409,  15.000,  25.000,   0.000,  90.000,  90.000,   28,   0.000
16:22:48:503, 28395464104980,  198.935,   16.000,  900,   3.432, 895.365, 248.712,   1.230, 477.789, 132.719, 46,  0,   0.930, 193.591,  53.775,   0.721, 123.948,  34.430,  15.000,  25.000,   0.000,  90.000,  90.000,   29,   1.130
16:22:48:632, 28395778174814,  199.066,   31.000, 2800,   5.152, 896.039, 248.900,   2.980, 478.179, 132.827, 49,  0,   1.007, 193.723,  53.812,   0.673, 124.036,  34.454,  15.000,  25.000,   0.000,  90.000,  90.000,    9,   1.505
16:22:48:726, 28395999729784,  199.158,   17.000, 1200,   3.284, 896.342, 248.984,   1.166, 478.286, 132.857, 46,  0,   0.858, 193.802,  53.834,   0.629, 124.094,  34.471,  15.000,  25.000,   0.000,  90.000,  90.000,   40,   0.160
16:22:48:828, 28396244274862,  199.260,   16.000, 1300,   3.992, 896.749, 249.097,   1.787, 478.469, 132.908, 46,  0,   0.873, 193.891,  53.859,   0.728, 124.168,  34.491,  15.000,  25.000,   0.000,  90.000,  90.000,   25,   0.000
16:22:48:950, 28396538158412,  199.383,   20.000, 2700,   3.543, 897.183, 249.217,   1.361, 478.635, 132.954, 46,  0,   0.984, 194.012,  53.892,   0.653, 124.248,  34.513,  15.000,  25.000,   0.000,  90.000,  90.000,    1,   0.000
16:22:49:065, 28396813056456,  199.497,   13.000, 1000,   2.965, 897.522, 249.312,   0.892, 478.737, 132.983, 45,  0,   0.850, 194.109,  53.919,   0.621, 124.320,  34.533,  15.000,  25.000,   0.000,  90.000,  90.000,   28,   0.000
16:22:49:167, 28397058800556,  199.600,   18.000, 1200,   3.686, 897.900, 249.417,   1.500, 478.891, 133.025, 45,  0,   0.862, 194.197,  53.944,   0.708, 124.392,  34.553,  15.000,  25.000,   0.000,  90.000,  90.000,   51,   0.000
16:22:49:276, 28397318929214,  199.708,   16.000, 1100,   4.125, 898.347, 249.541,   1.904, 479.097, 133.083, 46,  0,   0.895, 194.294,  53.971,   0.747, 124.473,  34.576,  15.000,  25.000,   0.000,  90.000,  90.000,   47,   0.276
16:22:49:397, 28397609829667,  199.829,    5.000, 2300,   3.743, 898.800, 249.667,   1.592, 479.290, 133.136, 46,  0,   0.858, 194.398,  54.000,   0.689, 124.557,  34.599,  15.000,  25.000,   0.000,  90.000,  90.000,    1,   0.000
16:22:49:502, 28397861698877,  199.934,   12.000,  900,   3.003, 899.115, 249.754,   0.919, 479.387, 133.163, 45,  0,   0.850, 194.487,  54.024,   0.630, 124.623,  34.617,  15.000,  25.000,   0.000,  90.000,  90.000,   22,   0.000
16:22:49:610, 28398157868337,  200.058,   30.000, 2800,   5.681, 899.817, 249.949,   3.459, 479.814, 133.282, 50,  0,   1.000, 194.611,  54.059,   0.694, 124.708,  34.641,  15.000,  25.000,   0.000,  90.000,  90.000,    7,   0.702
16:22:49:716, 28398375244444,  200.148,   15.000, 1200,   3.342, 900.119, 250.033,   1.243, 479.926, 133.313, 46,  0,   0.872, 194.690,  54.081,   0.641, 124.766,  34.657,  15.000,  25.000,   0.000,  90.000,  90.000,   40,   0.399
16:22:49:830, 28398649237413,  200.262,   21.000, 1100,   3.747, 900.547, 250.152,   1.564, 480.105, 133.362, 45,  0,   0.858, 194.788,  54.108,   0.720, 124.849,  34.680,  15.000,  25.000,   0.000,  90.000,  90.000,   47,   0.000
16:22:49:944, 28398923286932,  200.376,   19.000, 2700,   5.168, 901.137, 250.316,   2.871, 480.433, 133.454, 46,  0,   1.021, 194.904,  54.140,   0.754, 124.935,  34.704,  15.000,  25.000,   0.000,  90.000,  90.000,    9,   0.997
16:22:50:046, 28399168069852,  200.478,   15.000, 1100,   2.972, 901.440, 250.400,   0.869, 480.521, 133.478, 45,  0,   0.857, 194.992,  54.164,   0.635, 124.999,  34.722,  15.000,  25.000,   0.000,  90.000,  90.000,   29,   0.000
16:22:50:153, 28399424430739,  200.585,   55.000, 2700,   7.655, 902.258, 250.627,   5.368, 481.095, 133.637, 51,  0,   1.335, 195.134,  54.204,   0.702, 125.074,  34.743,  15.000,  25.000,   0.000,  90.000,  90.000,    2,   0.000
16:22:50:261, 28399684756313,  200.694,   31.000, 2300,   7.784, 903.102, 250.862,   5.420, 481.683, 133.801, 49,  0,   1.374, 195.283,  54.245,   0.654, 125.145,  34.763,  15.000,  25.000,   0.000,  90.000,  90.000,    9,   0.746
16:22:50:381, 28399971821823,  200.813,   28.000, 2700,   4.976, 903.697, 251.027,   2.791, 482.016, 133.893, 49,  0,   1.111, 195.416,  54.282,   0.634, 125.221,  34.784,  15.000,  25.000,   0.000,  90.000,  90.000,    1,   0.000
16:22:50:491, 28400234872488,  200.923,   20.000,  800,   4.597, 904.201, 251.167,   2.597, 482.301, 133.973, 47,  0,   1.051, 195.531,  54.314,   0.631, 125.290,  34.803,  15.000,  25.000,   0.000,  90.000,  90.000,    6,   0.000
16:22:50:637, 28400585978490,  201.069,   30.000, 2700,   3.846, 904.764, 251.323,   1.912, 482.581, 134.050, 51,  0,   0.849, 195.656,  54.349,   0.667, 125.388,  34.830,  15.000,  25.000,   0.000,  90.000,  90.000,   12,   2.023
16:22:50:715, 28400773399415,  201.147,   13.000, 1300,   3.349, 905.026, 251.396,   1.203, 482.675, 134.076, 46,  0,   0.868, 195.723,  54.368,   0.638, 125.438,  34.844,  15.000,  25.000,   0.000,  90.000,  90.000,   34,   0.229
16:22:50:833, 28401055501969,  201.265,    9.000, 2200,   3.664, 905.456, 251.516,   1.501, 482.851, 134.125, 46,  0,   0.866, 195.825,  54.396,   0.688, 125.519,  34.866,  15.000,  25.000,   0.000,  90.000,  90.000,    3,   0.000
16:22:50:956, 28401350765634,  201.388,   18.000, 1000,   3.204, 905.850, 251.625,   1.079, 482.984, 134.162, 45,  0,   0.943, 195.941,  54.428,   0.634, 125.597,  34.888,  15.000,  25.000,   0.000,  90.000,  90.000,   25,   0.000
16:22:51:065, 28401613833020,  201.497,   13.000, 1200,   3.709, 906.257, 251.738,   1.519, 483.151, 134.208, 45,  0,   0.864, 196.036,  54.454,   0.710, 125.674,  34.910,  15.000,  25.000,   0.000,  90.000,  90.000,   36,   0.000
16:22:51:173, 28401871604492,  201.605,   17.000,  900,   3.405, 906.623, 251.840,   1.306, 483.291, 134.247, 45,  0,   0.822, 196.124,  54.479,   0.713, 125.751,  34.931,  15.000,  25.000,   0.000,  90.000,  90.000,   47,   0.000
16:22:51:281, 28402132719023,  201.714,    7.000, 2500,   3.983, 907.056, 251.960,   1.753, 483.482, 134.300, 46,  0,   0.889, 196.221,  54.506,   0.752, 125.833,  34.954,  15.000,  25.000,   0.000,  90.000,  90.000,    8,   0.397
16:22:51:403, 28402424439981,  201.835,   13.000, 1100,   2.996, 907.420, 252.061,   0.915, 483.593, 134.331, 46,  0,   0.846, 196.324,  54.534,   0.627, 125.909,  34.975,  15.000,  25.000,   0.000,  90.000,  90.000,   26,   0.000
16:22:51:512, 28402686711535,  201.945,   16.000, 1200,   3.692, 907.824, 252.173,   1.485, 483.755, 134.376, 46,  0,   0.884, 196.420,  54.561,   0.716, 125.987,  34.996,  15.000,  25.000,   0.000,  90.000,  90.000,   36,   0.000
16:22:51:666, 28403081336414,  202.109,   32.000, 2800,   3.967, 908.476, 252.354,   1.830, 484.056, 134.460, 47,  0,   0.892, 196.567,  54.602,   0.691, 126.101,  35.028,  15.000,  25.000,   0.000,  90.000,  90.000,    5,   0.577
16:22:51:729, 28403206821842,  202.161,   20.000,  900,   2.845, 908.625, 252.396,   0.885, 484.102, 134.473, 45,  0,   0.808, 196.609,  54.614,   0.646, 126.135,  35.037,  15.000,  25.000,   0.000,  90.000,  90.000,   48,   0.610
16:22:51:851, 28403500915025,  202.284,   16.000,  900,   3.319, 909.031, 252.509,   1.180, 484.247, 134.513, 45,  0,   0.860, 196.714,  54.643,   0.685, 126.219,  35.061,  15.000,  25.000,   0.000,  90.000,  90.000,   31,   0.000
16:22:51:959, 28403758748376,  202.391,   19.000,  900,   3.874, 909.447, 252.624,   1.707, 484.430, 134.564, 46,  0,   0.888, 196.810,  54.669,   0.702, 126.294,  35.082,  15.000,  25.000,   0.000,  90.000,  90.000,   20,   0.000
16:22:52:068, 28404021142310,  202.501,    7.000, 1400,   3.112, 909.788, 252.719,   0.955, 484.535, 134.593, 45,  0,   0.882, 196.906,  54.696,   0.656, 126.366,  35.102,  15.000,  25.000,   0.000,  90.000,  90.000,    2,   0.000
16:22:52:175, 28404278454966,  202.608,    7.000, 1400,   2.858, 910.094, 252.804,   0.773, 484.618, 134.616, 45,  0,   0.848, 196.997,  54.721,   0.626, 126.433,  35.120,  15.000,  25.000,   0.000,  90.000,  90.000,    3,   0.000
16:22:52:284, 28404539153266,  202.716,    7.000, 1400,   2.815, 910.400, 252.889,   0.775, 484.702, 134.639, 45,  0,   0.850, 197.089,  54.747,   0.639, 126.502,  35.140,  15.000,  25.000,   0.000,  90.000,  90.000,    5,   0.273
16:22:52:406, 28404830814434,  202.838,   10.000,  900,   2.562, 910.711, 252.975,   0.614, 484.776, 134.660, 44,  0,   0.794, 197.186,  54.774,   0.627, 126.579,  35.161,  15.000,  25.000,   0.000,  90.000,  90.000,   15,   0.000
16:22:52:515, 28405093621243,  202.947,   14.000,  800,   2.649, 911.001, 253.056,   0.686, 484.852, 134.681, 44,  0,   0.778, 197.271,  54.798,   0.667, 126.652,  35.181,  15.000,  25.000,   0.000,  90.000,  90.000,   30,   0.000
16:22:52:653, 28405437365149,  203.091,   32.000, 2800,   4.284, 911.615, 253.226,   2.117, 485.155, 134.765, 48,  0,   0.918, 197.403,  54.834,   0.692, 126.751,  35.209,  15.000,  25.000,   0.000,  90.000,  90.000,    6,   0.740
16:22:52:732, 28405612725589,  203.164,    8.000, 2700,   3.981, 911.906, 253.307,   1.844, 485.290, 134.803, 46,  0,   0.913, 197.469,  54.853,   0.639, 126.798,  35.222,  15.000,  25.000,   0.000,  90.000,  90.000,    6,   0.615
16:22:52:839, 28405869789490,  203.271,    8.000, 2300,   3.707, 912.303, 253.417,   1.610, 485.462, 134.851, 46,  0,   0.894, 197.565,  54.879,   0.619, 126.864,  35.240,  15.000,  25.000,   0.000,  90.000,  90.000,    1,   0.000
16:22:52:950, 28406137984548,  203.383,   11.000, 1500,   2.980, 912.636, 253.510,   1.010, 485.575, 134.882, 45,  0,   0.833, 197.658,  54.905,   0.627, 126.934,  35.259,  15.000,  25.000,   0.000,  90.000,  90.000,    1,   0.000
16:22:53:069, 28406424420218,  203.502,   14.000,  900,   2.606, 912.947, 253.596,   0.687, 485.657, 134.905, 45,  0,   0.799, 197.754,  54.932,   0.626, 127.009,  35.280,  15.000,  25.000,   0.000,  90.000,  90.000,   14,   0.000
16:22:53:179, 28406687313963,  203.611,   48.000, 2700,   4.800, 913.473, 253.742,   2.578, 485.939, 134.983, 47,  0,   1.255, 197.891,  54.970,   0.673, 127.082,  35.301,  15.000,  25.000,   0.000,  90.000,  90.000,    2,   0.000
16:22:53:280, 28406929703583,  203.712,   23.000, 2300,   6.608, 914.140, 253.928,   4.445, 486.388, 135.108, 47,  0,   1.172, 198.009,  55.003,   0.638, 127.147,  35.319,  15.000,  25.000,   0.000,  90.000,  90.000,    5,   0.287
16:22:53:408, 28407236796751,  203.840,    9.000, 2300,   3.599, 914.601, 254.056,   1.491, 486.579, 135.161, 46,  0,   0.906, 198.125,  55.035,   0.626, 127.227,  35.341,  15.000,  25.000,   0.000,  90.000,  90.000,    1,   0.000
16:22:53:518, 28407499249870,  203.950,    7.000, 2300,   3.396, 914.972, 254.159,   1.294, 486.721, 135.200, 46,  0,   0.887, 198.222,  55.062,   0.628, 127.295,  35.360,  15.000,  25.000,   0.000,  90.000,  90.000,    1,   0.000
16:22:53:656, 28407849088070,  204.096,   31.000, 2800,   4.278, 915.596, 254.332,   2.213, 487.043, 135.290, 47,  0,   0.934, 198.359,  55.100,   0.664, 127.392,  35.387,  15.000,  25.000,   0.000,  90.000,  90.000,   12,   1.909
16:22:53:734, 28408019854952,  204.167,   18.000, 1100,   2.972, 915.807, 254.391,   1.039, 487.117, 135.310, 46,  0,   0.810, 198.416,  55.116,   0.639, 127.438,  35.399,  15.000,  25.000,   0.000,  90.000,  90.000,   51,   0.191
16:22:53:841, 28408276899928,  204.274,   31.000, 1000,   3.521, 916.184, 254.496,   1.509, 487.279, 135.355, 46,  0,   0.784, 198.500,  55.139,   0.739, 127.517,  35.421,  15.000,  25.000,   0.000,  90.000,  90.000,   49,   0.000
16:22:53:963, 28408568830388,  204.395,   12.000, 2700,   4.520, 916.734, 254.648,   2.351, 487.565, 135.435, 46,  0,   0.946, 198.615,  55.171,   0.725, 127.605,  35.446,  15.000,  25.000,   0.000,  90.000,  90.000,    2,   0.000
16:22:54:074, 28408833478588,  204.506,    7.000, 2300,   3.650, 917.136, 254.760,   1.564, 487.737, 135.483, 45,  0,   0.886, 198.713,  55.198,   0.624, 127.674,  35.465,  15.000,  25.000,   0.000,  90.000,  90.000,    1,   0.000
16:22:54:195, 28409125582429,  204.627,    9.000, 2300,   3.727, 917.590, 254.886,   1.621, 487.934, 135.537, 45,  0,   0.900, 198.822,  55.228,   0.624, 127.750,  35.486,  15.000,  25.000,   0.000,  90.000,  90.000,    1,   0.000
16:22:54:305, 28409389870938,  204.738,   10.000, 2300,   3.613, 917.988, 254.997,   1.485, 488.098, 135.583, 46,  0,   0.932, 198.925,  55.257,   0.635, 127.820,  35.505,  15.000,  25.000,   0.000,  90.000,  90.000,    6,   0.363
16:22:54:412, 28409645022974,  204.844,    9.000, 2700,   3.817, 918.394, 255.109,   1.721, 488.281, 135.634, 46,  0,   0.901, 199.021,  55.284,   0.625, 127.886,  35.524,  15.000,  25.000,   0.000,  90.000,  90.000,    2,   0.000
16:22:54:522, 28409910118785,  204.954,    7.000, 2300,   3.578, 918.789, 255.219,   1.510, 488.448, 135.680, 46,  0,   0.906, 199.121,  55.311,   0.627, 127.955,  35.543,  15.000,  25.000,   0.000,  90.000,  90.000,    1,   0.000
16:22:54:660, 28410250852919,  205.096,   32.000, 2800,   4.492, 919.427, 255.396,   2.364, 488.783, 135.773, 50,  0,   0.935, 199.254,  55.348,   0.640, 128.046,  35.568,  15.000,  25.000,   0.000,  90.000,  90.000,    5,   0.663
16:22:54:738, 28410427615581,  205.170,    8.000, 2700,   3.905, 919.714, 255.476,   1.738, 488.911, 135.809, 46,  0,   0.918, 199.321,  55.367,   0.641, 128.093,  35.582,  15.000,  25.000,   0.000,  90.000,  90.000,    6,   0.239
16:22:54:845, 28410684047336,  205.277,    8.000, 2400,   3.661, 920.105, 255.585,   1.531, 489.075, 135.854, 45,  0,   0.895, 199.417,  55.394,   0.628, 128.161,  35.600,  15.000,  25.000,   0.000,  90.000,  90.000,    2,   0.000
16:22:54:965, 28410973759454,  205.397,   22.000, 2700,   5.000, 920.709, 255.752,   2.803, 489.413, 135.948, 46,  0,   1.091, 199.548,  55.430,   0.642, 128.238,  35.622,  15.000,  25.000,   0.000,  90.000,  90.000,    5,   0.456
16:22:55:077, 28411240879129,  205.509,    7.000, 2400,   3.770, 921.128, 255.869,   1.663, 489.598, 136.000, 46,  0,   0.892, 199.648,  55.458,   0.627, 128.308,  35.641,  15.000,  25.000,   0.000,  90.000,  90.000,    1,   0.000
16:22:55:182, 28411494198107,  205.614,    8.000, 2400,   3.477, 921.495, 255.971,   1.413, 489.747, 136.041, 45,  0,   0.885, 199.741,  55.484,   0.626, 128.374,  35.659,  15.000,  25.000,   0.000,  90.000,  90.000,    1,   0.000
16:22:55:293, 28411759584677,  205.725,    9.000, 2400,   3.606, 921.894, 256.082,   1.454, 489.908, 136.086, 46,  0,   0.915, 199.842,  55.512,   0.629, 128.444,  35.679,  15.000,  25.000,   0.000,  90.000,  90.000,    3,   0.086
16:22:55:414, 28412050555926,  205.846,   18.000, 2700,   4.730, 922.468, 256.241,   2.602, 490.224, 136.173, 48,  0,   1.033, 199.968,  55.547,   0.633, 128.520,  35.700,  15.000,  25.000,   0.000,  90.000,  90.000,    2,   0.160
16:22:55:523, 28412311505330,  205.955,   66.000, 2700,   9.397, 923.489, 256.525,   7.073, 490.993, 136.387, 52,  0,   1.604, 200.142,  55.595,   0.627, 128.588,  35.719,  15.000,  25.000,   0.000,  90.000,  90.000,    1,   0.000
16:22:55:685, 28412714986696,  206.123,   39.000, 2700,   4.947, 924.321, 256.756,   2.867, 491.475, 136.521, 48,  0,   1.110, 200.329,  55.647,   0.655, 128.698,  35.750,  15.000,  25.000,   0.000,  90.000,  90.000,   10,   1.628
16:22:55:738, 28412828294912,  206.170,    8.000, 2700,   3.898, 924.505, 256.807,   1.736, 491.557, 136.544, 46,  0,   0.918, 200.372,  55.659,   0.644, 128.729,  35.758,  15.000,  25.000,   0.000,  90.000,  90.000,    9,   0.770
16:22:55:847, 28413089462848,  206.279,    8.000, 2300,   3.529, 924.889, 256.914,   1.441, 491.713, 136.587, 47,  0,   0.890, 200.469,  55.686,   0.624, 128.797,  35.777,  15.000,  25.000,   0.000,  90.000,  90.000,    1,   0.000
16:22:55:968, 28413379608297,  206.400,   11.000, 2700,   4.097, 925.384, 257.051,   1.962, 491.951, 136.653, 47,  0,   0.936, 200.582,  55.717,   0.627, 128.873,  35.798,  15.000,  25.000,   0.000,  90.000,  90.000,    1,   0.000
16:22:56:079, 28413645738404,  206.511,    7.000, 2400,   3.680, 925.792, 257.165,   1.573, 492.125, 136.701, 46,  0,   0.893, 200.681,  55.745,   0.622, 128.942,  35.817,  15.000,  25.000,   0.000,  90.000,  90.000,    1,   0.000
16:22:56:185, 28413900829762,  206.617,    8.000, 2400,   3.490, 926.163, 257.268,   1.390, 492.273, 136.742, 46,  0,   0.885, 200.775,  55.771,   0.628, 129.008,  35.836,  15.000,  25.000,   0.000,  90.000,  90.000,    1,   0.000
16:22:56:295, 28414165048096,  206.727,    9.000, 2400,   3.591, 926.559, 257.377,   1.479, 492.436, 136.788, 46,  0,   0.913, 200.876,  55.799,   0.628, 129.077,  35.855,  15.000,  25.000,   0.000,  90.000,  90.000,    4,   0.225
16:22:56:401, 28414419742447,  206.833,    8.000, 2400,   3.545, 926.935, 257.482,   1.434, 492.588, 136.830, 46,  0,   0.899, 200.971,  55.825,   0.627, 129.144,  35.873,  15.000,  25.000,   0.000,  90.000,  90.000,    2,   0.000
16:22:56:519, 28414703231593,  206.951,    7.000, 2300,   3.401, 927.337, 257.594,   1.307, 492.742, 136.873, 45,  0,   0.882, 201.075,  55.854,   0.626, 129.218,  35.894,  15.000,  25.000,   0.000,  90.000,  90.000,    1,   0.000
16:22:56:665, 28415076674120,  207.107,   34.000, 2100,   4.070, 927.970, 257.769,   2.035, 493.059, 136.961, 47,  0,   0.927, 201.219,  55.894,   0.633, 129.316,  35.921,  15.000,  25.000,   0.000,  90.000,  90.000,    4,   0.493
16:22:56:744, 28415242791501,  207.176,   20.000,  900,   3.734, 928.228, 257.841,   1.612, 493.170, 136.992, 46,  0,   0.925, 201.283,  55.912,   0.628, 129.360,  35.933,  15.000,  25.000,   0.000,  90.000,  90.000,   36,   0.285
16:22:56:850, 28415496371350,  207.282,   15.000, 1700,   3.798, 928.630, 257.953,   1.598, 493.339, 137.039, 46,  0,   0.913, 201.380,  55.939,   0.684, 129.432,  35.953,  15.000,  25.000,   0.000,  90.000,  90.000,    8,   0.000
16:22:56:971, 28415786495624,  207.403,   12.000, 2300,   3.456, 929.047, 258.069,   1.320, 493.499, 137.083, 46,  0,   0.925, 201.492,  55.970,   0.635, 129.509,  35.975,  15.000,  25.000,   0.000,  90.000,  90.000,    1,   0.000
16:22:57:080, 28416050226308,  207.513,   15.000, 1400,   3.277, 929.407, 258.169,   1.139, 493.624, 137.118, 45,  0,   0.923, 201.593,  55.998,   0.630, 129.578,  35.994,  15.000,  25.000,   0.000,  90.000,  90.000,    2,   0.000
16:22:57:187, 28416307150072,  207.620,   11.000, 1400,   2.820, 929.709, 258.253,   0.822, 493.712, 137.142, 45,  0,   0.834, 201.682,  56.023,   0.628, 129.645,  36.013,  15.000,  25.000,   0.000,  90.000,  90.000,    4,   0.000
16:22:57:298, 28416571267646,  207.730,   10.000, 1400,   2.799, 930.017, 258.338,   0.824, 493.803, 137.167, 45,  0,   0.830, 201.774,  56.048,   0.641, 129.716,  36.032,  15.000,  25.000,   0.000,  90.000,  90.000,    6,   0.263
16:22:57:404, 28416826185915,  207.836,   28.000, 2700,   3.627, 930.403, 258.445,   1.534, 493.966, 137.213, 46,  0,   1.030, 201.883,  56.079,   0.629, 129.782,  36.051,  15.000,  25.000,   0.000,  90.000,  90.000,    2,   0.000
16:22:57:514, 28417089595118,  207.946,   79.000, 2700,  10.116, 931.513, 258.754,   7.705, 494.811, 137.448, 53,  0,   1.757, 202.076,  56.132,   0.630, 129.852,  36.070,  15.000,  25.000,   0.000,  90.000,  90.000,    3,   0.000
16:22:57:654, 28417434461571,  208.089,   31.000, 2700,   9.164, 932.830, 259.119,   6.960, 495.812, 137.725, 53,  0,   1.428, 202.281,  56.189,   0.642, 129.944,  36.096,  15.000,  25.000,   0.000,  90.000,  90.000,    5,   0.612
16:22:57:730, 28417608983022,  208.162,   20.000,  900,   3.383, 933.076, 259.188,   1.326, 495.908, 137.752, 47,  0,   0.890, 202.346,  56.207,   0.649, 129.991,  36.109,  15.000,  25.000,   0.000,  90.000,  90.000,   35,   0.433
16:22:57:853, 28417905315489,  208.286,   22.000,  900,   3.319, 933.485, 259.302,   1.194, 496.055, 137.793, 46,  0,   0.867, 202.453,  56.237,   0.694, 130.077,  36.132,  15.000,  25.000,   0.000,  90.000,  90.000,   29,   0.000
16:22:57:973, 28418192932648,  208.405,   13.000, 1600,   4.094, 933.976, 259.438,   1.896, 496.283, 137.856, 46,  0,   0.938, 202.565,  56.268,   0.699, 130.160,  36.156,  15.000,  25.000,   0.000,  90.000,  90.000,    1,   0.000
16:22:58:088, 28418469234858,  208.521,   40.000, 2300,   3.839, 934.418, 259.561,   1.700, 496.478, 137.911, 47,  0,   1.159, 202.699,  56.305,   0.628, 130.233,  36.176,  15.000,  25.000,   0.000,  90.000,  90.000,    5,   0.000
16:22:58:221, 28418788214156,  208.653,   29.000, 1000,   4.534, 935.021, 259.728,   2.490, 496.809, 138.003, 46,  0,   1.096, 202.844,  56.346,   0.659, 130.320,  36.200,  15.000,  25.000,   0.000,  90.000,  90.000,   42,   1.006
16:22:58:326, 28419039231166,  208.758,   27.000, 1100,   4.233, 935.463, 259.851,   1.950, 497.013, 138.059, 46,  0,   0.974, 202.946,  56.374,   0.804, 130.404,  36.223,  15.000,  25.000,   0.000,  90.000,  90.000,   61,   1.894
16:22:58:438, 28419308043800,  208.870,    8.000, 2700,   4.093, 935.922, 259.978,   1.875, 497.223, 138.118, 46,  0,   0.911, 203.048,  56.402,   0.703, 130.483,  36.245,  15.000,  25.000,   0.000,  90.000,  90.000,    2,   0.000
16:22:58:559, 28419599585034,  208.992,   14.000, 2300,   3.576, 936.356, 260.099,   1.596, 497.417, 138.171, 46,  0,   0.854, 203.152,  56.431,   0.627, 130.559,  36.266,  15.000,  25.000,   0.000,  90.000,  90.000,    4,   0.000
16:22:58:670, 28419866158692,  209.103,   27.000, 2700,   5.639, 936.983, 260.273,   3.477, 497.803, 138.279, 48,  0,   1.017, 203.265,  56.463,   0.652, 130.632,  36.287,  15.000,  25.000,   0.000,  90.000,  90.000,    9,   1.089
16:22:58:781, 28420132442730,  209.214,    7.000, 2700,   3.807, 937.405, 260.390,   1.711, 497.993, 138.331, 47,  0,   0.894, 203.364,  56.490,   0.627, 130.701,  36.306,  15.000,  25.000,   0.000,  90.000,  90.000,    1,   0.000
16:22:58:886, 28420383495088,  209.318,    9.000, 2700,   3.909, 937.814, 260.504,   1.833, 498.185, 138.385, 47,  0,   0.903, 203.459,  56.516,   0.626, 130.767,  36.324,  15.000,  25.000,   0.000,  90.000,  90.000,    1,   0.000
16:22:59:023, 28420712964580,  209.455,   10.000, 2700,   4.086, 938.375, 260.660,   1.932, 498.450, 138.458, 46,  0,   0.942, 203.588,  56.552,   0.625, 130.852,  36.348,  15.000,  25.000,   0.000,  90.000,  90.000,    1,   0.000
16:22:59:133, 28420975479702,  209.565,    7.000, 2400,   3.601, 938.769, 260.769,   1.503, 498.615, 138.504, 46,  0,   0.890, 203.685,  56.579,   0.629, 130.921,  36.367,  15.000,  25.000,   0.000,  90.000,  90.000,    1,   0.000
16:22:59:240, 28421232726487,  209.672,    8.000, 2400,   3.449, 939.138, 260.872,   1.350, 498.759, 138.544, 45,  0,   0.884, 203.780,  56.606,   0.628, 130.989,  36.386,  15.000,  25.000,   0.000,  90.000,  90.000,    1,   0.000
16:22:59:349, 28421495167449,  209.781,    8.000, 2400,   3.655, 939.538, 260.983,   1.508, 498.924, 138.590, 46,  0,   0.928, 203.882,  56.634,   0.634, 131.058,  36.405,  15.000,  25.000,   0.000,  90.000,  90.000,    4,   0.251
16:22:59:456, 28421752106988,  209.888,    9.000, 2400,   3.589, 939.922, 261.090,   1.489, 499.084, 138.634, 46,  0,   0.901, 203.978,  56.661,   0.624, 131.125,  36.424,  15.000,  25.000,   0.000,  90.000,  90.000,    1,   0.000
16:22:59:568, 28422020502159,  210.000,   17.000, 2400,   3.716, 940.338, 261.205,   1.662, 499.269, 138.686, 46,  0,   0.914, 204.080,  56.689,   0.624, 131.195,  36.443,  15.000,  25.000,   0.000,  90.000,  90.000,    5,   0.000
16:22:59:672, 28422269023142,  210.104,   25.000, 2700,   5.928, 940.952, 261.376,   3.690, 499.652, 138.792, 47,  0,   1.039, 204.188,  56.719,   0.650, 131.262,  36.462,  15.000,  25.000,   0.000,  90.000,  90.000,    8,   0.958
16:22:59:790, 28422552667345,  210.222,    8.000, 2300,   3.830, 941.405, 261.501,   1.773, 499.861, 138.850, 46,  0,   0.884, 204.292,  56.748,   0.625, 131.336,  36.482,  15.000,  25.000,   0.000,  90.000,  90.000,    1,   0.000
16:22:59:888, 28422788703595,  210.320,   39.000,  900,   3.011, 941.701, 261.584,   0.945, 499.954, 138.876, 46,  0,   0.893, 204.380,  56.772,   0.626, 131.397,  36.499,  15.000,  25.000,   0.000,  90.000,  90.000,   30,   0.000
16:23:00:008, 28423076124733,  210.440,   23.000, 1900,   4.358, 942.223, 261.728,   2.124, 500.208, 138.947, 46,  0,   1.060, 204.507,  56.808,   0.711, 131.482,  36.523,  15.000,  25.000,   0.000,  90.000,  90.000,   18,   0.649
16:23:00:115, 28423333891837,  210.548,   41.000, 2700,   6.148, 942.883, 261.912,   3.848, 500.622, 139.062, 49,  0,   1.341, 204.651,  56.848,   0.643, 131.551,  36.542,  15.000,  25.000,   0.000,  90.000,  90.000,    1,   0.000
16:23:00:225, 28423597545488,  210.657,   57.000, 2700,   9.313, 943.906, 262.196,   6.955, 501.386, 139.274, 53,  0,   1.548, 204.821,  56.895,   0.637, 131.621,  36.561,  15.000,  25.000,   0.000,  90.000,  90.000,    5,   0.386
16:23:00:340, 28423873755044,  210.772,   51.000, 2300,   7.682, 944.790, 262.442,   5.405, 502.008, 139.447, 50,  0,   1.497, 204.994,  56.943,   0.636, 131.695,  36.582,  15.000,  25.000,   0.000,  90.000,  90.000,    5,   0.239
16:23:00:454, 28424146144382,  210.886,    8.000, 2300,   3.400, 945.176, 262.549,   1.419, 502.169, 139.491, 47,  0,   0.854, 205.091,  56.970,   0.635, 131.767,  36.602,  15.000,  25.000,   0.000,  90.000,  90.000,    1,   0.000
16:23:00:561, 28424403228660,  210.993,    9.000, 2300,   3.646, 945.567, 262.657,   1.530, 502.333, 139.537, 46,  0,   0.905, 205.187,  56.997,   0.630, 131.834,  36.621,  15.000,  25.000,   0.000,  90.000,  90.000,    1,   0.000
16:23:00:669, 28424677018602,  211.107,   35.000, 2700,   4.403, 946.069, 262.797,   2.312, 502.596, 139.610, 48,  0,   0.941, 205.295,  57.026,   0.639, 131.907,  36.641,  15.000,  25.000,   0.000,  90.000,  90.000,    6,   0.602
16:23:00:781, 28424932378367,  211.214,   10.000, 2700,   4.150, 946.510, 262.920,   1.929, 502.802, 139.667, 46,  0,   0.992, 205.400,  57.056,   0.661, 131.977,  36.660,  15.000,  25.000,   0.000,  90.000,  90.000,   13,   1.272
16:23:00:886, 28425182496458,  211.318,    7.000, 2700,   3.793, 946.906, 263.029,   1.684, 502.977, 139.716, 46,  0,   0.897, 205.494,  57.082,   0.627, 132.043,  36.679,  15.000,  25.000,   0.000,  90.000,  90.000,    1,   0.000
16:23:00:998, 28425452517983,  211.430,   11.000, 2700,   4.091, 947.366, 263.157,   1.957, 503.197, 139.777, 46,  0,   0.997, 205.606,  57.113,   0.644, 132.115,  36.699,  15.000,  25.000,   0.000,  90.000,  90.000,    5,   0.517
16:23:01:117, 28425738882817,  211.550,    7.000, 2300,   3.594, 947.795, 263.276,   1.470, 503.373, 139.826, 46,  0,   0.898, 205.713,  57.143,   0.627, 132.190,  36.719,  15.000,  25.000,   0.000,  90.000,  90.000,    1,   0.000
16:23:01:214, 28425971802155,  211.647,    7.000, 2300,   3.373, 948.122, 263.367,   1.263, 503.495, 139.860, 46,  0,   0.887, 205.799,  57.166,   0.628, 132.251,  36.736,  15.000,  25.000,   0.000,  90.000,  90.000,    1,   0.000
16:23:01:333, 28426256546078,  211.765,   12.000, 2300,   4.090, 948.608, 263.502,   2.112, 503.746, 139.929, 46,  0,   0.895, 205.905,  57.196,   0.640, 132.327,  36.757,  15.000,  25.000,   0.000,  90.000,  90.000,    5,   0.613
16:23:01:439, 28426510505601,  211.871,    9.000, 2300,   3.487, 948.977, 263.605,   1.362, 503.890, 139.969, 46,  0,   0.898, 206.000,  57.222,   0.628, 132.393,  36.776,  15.000,  25.000,   0.000,  90.000,  90.000,    3,   0.000
16:23:01:555, 28426788613121,  211.987,    7.000, 2300,   3.477, 949.379, 263.716,   1.367, 504.048, 140.013, 46,  0,   0.918, 206.107,  57.252,   0.629, 132.466,  36.796,  15.000,  25.000,   0.000,  90.000,  90.000,    1,   0.000
16:23:01:719, 28427185247828,  212.152,   36.000, 2300,   3.107, 949.893, 263.859,   1.193, 504.245, 140.068, 46,  0,   0.825, 206.243,  57.290,   0.641, 132.572,  36.826,  15.000,  25.000,   0.000,  90.000,  90.000,    5,   0.684
16:23:01:766, 28427295189354,  212.198,    7.000, 2700,   2.890, 950.025, 263.896,   1.254, 504.303, 140.084, 45,  0,   0.862, 206.283,  57.301,   0.249, 132.583,  36.829,  15.000,  25.000,   0.000,  90.000,  90.000,    8,   0.431
16:23:01:872, 28427551018805,  212.305,    9.000, 2300,   2.508, 950.293, 263.970,   1.129, 504.423, 140.118, 45,  0,   0.918, 206.380,  57.328,   0.013, 132.585,  36.829,  15.000,  25.000,   0.000,  90.000,  90.000,    1,   0.000
16:23:01:985, 28427821679267,  212.417,   15.000, 1400,   2.603, 950.586, 264.052,   1.165, 504.555, 140.154, 45,  0,   0.976, 206.491,  57.358,   0.012, 132.586,  36.829,  15.000,  25.000,   0.000,  90.000,  90.000,    3,   0.000
16:23:02:103, 28428105463553,  212.536,   18.000, 1400,   2.576, 950.891, 264.136,   0.986, 504.671, 140.186, 44,  0,   1.060, 206.616,  57.393,   0.025, 132.589,  36.830,  15.000,  25.000,   0.000,  90.000,  90.000,    1,   0.000
16:23:02:201, 28428341292376,  212.634,   16.000, 1400,   2.429, 951.130, 264.203,   0.847, 504.755, 140.210, 45,  0,   1.052, 206.719,  57.422,   0.019, 132.591,  36.831,  15.000,  25.000,   0.000,  90.000,  90.000,    4,   0.000
16:23:02:319, 28428624171677,  212.752,   17.000, 1400,   2.507, 951.425, 264.285,   0.899, 504.860, 140.239, 45,  0,   1.071, 206.846,  57.457,   0.037, 132.595,  36.832,  15.000,  25.000,   0.000,  90.000,  90.000,    3,   0.075
16:23:02:418, 28428860995423,  212.850,   17.000, 1400,   2.587, 951.680, 264.356,   0.940, 504.953, 140.265, 45,  0,   1.090, 206.953,  57.487,   0.058, 132.601,  36.834,  15.000,  25.000,   0.000,  90.000,  90.000,    8,   0.420
16:23:02:537, 28429146303248,  212.969,   17.000, 1400,   2.436, 951.970, 264.436,   0.841, 505.053, 140.293, 44,  0,   1.061, 207.079,  57.522,   0.017, 132.603,  36.834,  15.000,  25.000,   0.000,  90.000,  90.000,    3,   0.000
16:23:02:690, 28429514982948,  213.123,   38.000, 2700,   3.245, 952.468, 264.575,   1.668, 505.309, 140.364, 48,  0,   1.054, 207.241,  57.567,   0.045, 132.610,  36.836,  15.000,  25.000,   0.000,  90.000,  90.000,    4,   0.460
16:23:02:753, 28429663527918,  213.185,   12.000, 1400,   2.807, 952.642, 264.623,   1.266, 505.388, 140.386, 45,  0,   0.969, 207.301,  57.584,   0.040, 132.613,  36.837,  15.000,  25.000,   0.000,  90.000,  90.000,    9,   0.255
16:23:02:858, 28429915867515,  213.290,   28.000, 2200,   2.587, 952.914, 264.698,   1.026, 505.496, 140.415, 45,  0,   1.068, 207.414,  57.615,   0.032, 132.616,  36.838,  15.000,  25.000,   0.000,  90.000,  90.000,    9,   0.000
16:23:02:966, 28430175942460,  213.398,   23.000, 2700,   4.777, 953.432, 264.842,   3.205, 505.843, 140.512, 46,  0,   1.255, 207.549,  57.653,   0.076, 132.624,  36.840,  15.000,  25.000,   0.000,  90.000,  90.000,    1,   0.000
16:23:03:088, 28430469564340,  213.521,   25.000, 1100,   2.659, 953.757, 264.933,   1.083, 505.976, 140.549, 45,  0,   1.058, 207.679,  57.689,   0.011, 132.626,  36.840,  15.000,  25.000,   0.000,  90.000,  90.000,   34,   0.000
16:23:03:203, 28430745687104,  213.636,   21.000, 1100,   4.066, 954.225, 265.062,   2.153, 506.223, 140.618, 46,  0,   1.007, 207.795,  57.721,   0.380, 132.669,  36.853,  15.000,  25.000,   0.000,  90.000,  90.000,   26,   0.038
16:23:03:307, 28430994038317,  213.739,   13.000, 1900,   3.556, 954.593, 265.165,   1.387, 506.367, 140.657, 45,  0,   0.967, 207.895,  57.749,   0.694, 132.741,  36.873,  15.000,  25.000,   0.000,  90.000,  90.000,   10,   1.401
16:23:03:420, 28431264026044,  213.852,   10.000, 1900,   3.352, 954.970, 265.269,   1.204, 506.502, 140.695, 45,  0,   0.935, 208.000,  57.778,   0.640, 132.813,  36.893,  15.000,  25.000,   0.000,  90.000,  90.000,    6,   0.646
16:23:03:539, 28431550287218,  213.971,    9.000, 1900,   3.215, 955.353, 265.376,   1.110, 506.635, 140.732, 45,  0,   0.897, 208.107,  57.808,   0.623, 132.887,  36.913,  15.000,  25.000,   0.000,  90.000,  90.000,    1,   0.000
16:23:03:676, 28431905902922,  214.119,   34.000, 2700,   3.933, 955.936, 265.538,   1.824, 506.905, 140.807, 47,  0,   0.935, 208.246,  57.846,   0.641, 132.982,  36.940,  15.000,  25.000,   0.000,  90.000,  90.000,    6,   0.841
16:23:03:754, 28432067140674,  214.186,    8.000, 2700,   4.079, 956.210, 265.614,   1.867, 507.030, 140.842, 46,  0,   0.931, 208.308,  57.863,   0.641, 133.026,  36.952,  15.000,  25.000,   0.000,  90.000,  90.000,    7,   0.575
16:23:03:862, 28432325016752,  214.294,    8.000, 2400,   3.643, 956.602, 265.723,   1.551, 507.197, 140.888, 46,  0,   0.892, 208.404,  57.890,   0.627, 133.093,  36.970,  15.000,  25.000,   0.000,  90.000,  90.000,    1,   0.000
16:23:03:967, 28432577047290,  214.399,   20.000, 2700,   5.051, 957.132, 265.870,   2.886, 507.500, 140.972, 47,  0,   1.060, 208.515,  57.921,   0.625, 133.158,  36.988,  15.000,  25.000,   0.000,  90.000,  90.000,    1,   0.000
16:23:04:077, 28432842773352,  214.510,    7.000, 2300,   3.473, 957.517, 265.977,   1.358, 507.651, 141.014, 46,  0,   0.886, 208.613,  57.948,   0.629, 133.228,  37.008,  15.000,  25.000,   0.000,  90.000,  90.000,    1,   0.000
16:23:04:191, 28433114777224,  214.623,   16.000, 2700,   4.106, 957.982, 266.106,   2.018, 507.879, 141.078, 48,  0,   0.919, 208.718,  57.977,   0.632, 133.300,  37.028,  15.000,  25.000,   0.000,  90.000,  90.000,    1,   0.000
16:23:04:293, 28433361295874,  214.726,   43.000, 2700,   7.839, 958.787, 266.330,   5.645, 508.459, 141.239, 50,  0,   1.029, 208.823,  58.006,   0.629, 133.364,  37.046,  15.000,  25.000,   0.000,  90.000,  90.000,    2,   0.000
16:23:04:408, 28433635641976,  214.840,   23.000, 2300,   5.570, 959.424, 266.507,   3.415, 508.849, 141.347, 47,  0,   0.984, 208.936,  58.038,   0.636, 133.437,  37.066,  15.000,  25.000,   0.000,  90.000,  90.000,    4,   0.269
16:23:04:525, 28433917508262,  214.957,   39.000, 2700,   7.136, 960.262, 266.739,   4.948, 509.431, 141.508, 50,  0,   1.034, 209.057,  58.071,   0.629, 133.511,  37.086,  15.000,  25.000,   0.000,  90.000,  90.000,    1,   0.000
16:23:04:624, 28434154045706,  215.056,   30.000, 2300,   6.633, 960.916, 266.921,   4.495, 509.874, 141.632, 48,  0,   0.990, 209.155,  58.099,   0.631, 133.573,  37.104,  15.000,  25.000,   0.000,  90.000,  90.000,    1,   0.000
16:23:04:741, 28434434708496,  215.173,   44.000, 2700,   7.018, 961.737, 267.149,   4.836, 510.439, 141.789, 51,  0,   1.047, 209.277,  58.133,   0.656, 133.650,  37.125,  15.000,  25.000,   0.000,  90.000,  90.000,    8,   1.013
16:23:04:847, 28434689749939,  215.279,   75.000, 2700,   9.421, 962.738, 267.427,   7.202, 511.204, 142.001, 52,  0,   1.246, 209.410,  58.169,   0.625, 133.716,  37.143,  15.000,  25.000,   0.000,  90.000,  90.000,    1,   0.000
16:23:04:948, 28434932424686,  215.380,   60.000, 2700,   8.873, 963.635, 267.676,   6.582, 511.870, 142.186, 52,  0,   1.525, 209.564,  58.212,   0.637, 133.781,  37.161,  15.000,  25.000,   0.000,  90.000,  90.000,    8,   0.583
16:23:05:064, 28435210268295,  215.496,   53.000, 2700,   7.936, 964.554, 267.932,   5.787, 512.540, 142.372, 52,  0,   1.124, 209.694,  58.248,   0.630, 133.854,  37.182,  15.000,  25.000,   0.000,  90.000,  90.000,    3,   0.000
16:23:05:169, 28435462206910,  215.601,   72.000, 2700,   9.564, 965.558, 268.210,   7.311, 513.307, 142.585, 52,  0,   1.228, 209.823,  58.284,   0.634, 133.920,  37.200,  15.000,  25.000,   0.000,  90.000,  90.000,    2,   0.000
16:23:05:280, 28435729151035,  215.712,   27.000, 2700,   5.569, 966.177, 268.383,   3.447, 513.691, 142.692, 50,  0,   0.962, 209.930,  58.314,   0.631, 133.990,  37.220,  15.000,  25.000,   0.000,  90.000,  90.000,    2,   0.000
16:23:05:393, 28436000154306,  215.825,   58.000, 2700,   8.503, 967.137, 268.649,   6.234, 514.395, 142.887, 52,  0,   1.204, 210.066,  58.352,   0.663, 134.065,  37.240,  15.000,  25.000,   0.000,  90.000,  90.000,   12,   1.653
16:23:05:495, 28436244288756,  215.927,   82.000, 2700,  10.261, 968.181, 268.939,   7.901, 515.198, 143.111, 53,  0,   1.552, 210.224,  58.395,   0.622, 134.128,  37.258,  15.000,  25.000,   0.000,  90.000,  90.000,    2,   0.000
16:23:05:613, 28436529015762,  216.045,   62.000, 2300,   8.393, 969.177, 269.216,   6.187, 515.932, 143.315, 52,  0,   1.351, 210.384,  58.440,   0.626, 134.203,  37.279,  15.000,  25.000,   0.000,  90.000,  90.000,    2,   0.000
16:23:05:723, 28436791044546,  216.155,   61.000, 2700,   8.812, 970.139, 269.483,   6.583, 516.651, 143.514, 53,  0,   1.164, 210.511,  58.475,   0.658, 134.274,  37.298,  15.000,  25.000,   0.000,  90.000,  90.000,   13,   1.715
16:23:05:830, 28437048209311,  216.262,   64.000, 2700,   8.813, 971.083, 269.745,   6.555, 517.354, 143.709, 54,  0,   1.376, 210.658,  58.516,   0.625, 134.341,  37.317,  15.000,  25.000,   0.000,  90.000,  90.000,    2,   0.000
16:23:05:947, 28437329184638,  216.379,   98.000, 2700,  10.762, 972.343, 270.095,   8.349, 518.331, 143.981, 55,  0,   1.768, 210.865,  58.574,   0.626, 134.415,  37.337,  15.000,  25.000,   0.000,  90.000,  90.000,    2,   0.000
16:23:06:050, 28437578228075,  216.483,   79.000, 2700,   9.436, 973.322, 270.367,   7.629, 519.123, 144.201, 53,  0,   1.507, 211.022,  58.617,   0.084, 134.423,  37.340,  15.000,  25.000,   0.000,  90.000,  90.000,    3,   0.000
16:23:06:160, 28437840698905,  216.592,   21.000, 2300,   4.756, 973.842, 270.512,   3.336, 519.487, 144.302, 49,  0,   0.862, 211.116,  58.643,   0.028, 134.427,  37.341,  15.000,  25.000,   0.000,  90.000,  90.000,    1,   0.000
16:23:06:266, 28438096050328,  216.698,   32.000, 1500,   2.385, 974.096, 270.582,   0.998, 519.594, 144.332, 48,  0,   0.885, 211.210,  58.669,   0.015, 134.428,  37.341,  15.000,  25.000,   0.000,  90.000,  90.000,    7,   0.000
16:23:06:375, 28438357906232,  216.808,   59.000, 2700,   6.881, 974.847, 270.791,   5.230, 520.164, 144.490, 51,  0,   1.128, 211.333,  58.704,   0.086, 134.438,  37.344,  15.000,  25.000,   0.000,  90.000,  90.000,    6,   0.303
16:23:06:483, 28438615610557,  216.915,   50.000, 2700,   7.785, 975.683, 271.023,   6.222, 520.832, 144.676, 52,  0,   1.091, 211.450,  58.736,   0.024, 134.440,  37.344,  15.000,  25.000,   0.000,  90.000,  90.000,    1,   0.000
16:23:06:602, 28438901009215,  217.034,   26.000, 2300,   4.894, 976.265, 271.185,   3.308, 521.226, 144.785, 49,  0,   1.046, 211.575,  58.771,   0.014, 134.442,  37.345,  15.000,  25.000,   0.000,  90.000,  90.000,    1,   0.000
16:23:06:706, 28439151178808,  217.138,   77.000, 2700,   5.420, 976.830, 271.342,   3.822, 521.624, 144.896, 50,  0,   1.119, 211.691,  58.803,   0.051, 134.447,  37.346,  15.000,  25.000,   0.000,  90.000,  90.000,    7,   0.810
16:23:06:812, 28439406355328,  217.244,   61.000, 2700,   8.212, 977.703, 271.584,   6.536, 522.319, 145.089, 53,  0,   1.165, 211.815,  58.838,   0.033, 134.451,  37.347,  15.000,  25.000,   0.000,  90.000,  90.000,    5,   0.269
16:23:06:931, 28439690256225,  217.363,   51.000, 2700,   7.822, 978.628, 271.841,   6.250, 523.058, 145.294, 52,  0,   1.085, 211.943,  58.873,   0.034, 134.455,  37.348,  15.000,  25.000,   0.000,  90.000,  90.000,    1,   0.000
16:23:07:028, 28439924627172,  217.460,   13.000, 2300,   4.434, 979.061, 271.961,   2.872, 523.339, 145.372, 49,  0,   1.004, 212.041,  58.900,   0.019, 134.456,  37.349,  15.000,  25.000,   0.000,  90.000,  90.000,    1,   0.000
16:23:07:146, 28440209047570,  217.579,   30.000, 1100,   2.339, 979.338, 272.038,   0.942, 523.451, 145.403, 47,  0,   0.904, 212.149,  58.930,   0.013, 134.458,  37.349,  15.000,  25.000,   0.000,  90.000,  90.000,   35,   0.000
16:23:07:252, 28440462973082,  217.685,   66.000, 2700,   6.846, 980.063, 272.240,   4.955, 523.975, 145.549, 53,  0,   1.033, 212.258,  58.961,   0.453, 134.506,  37.363,  15.000,  25.000,   0.000,  90.000,  90.000,    7,   0.000
16:23:07:363, 28440727821313,  217.795,   70.000, 2700,   9.318, 981.091, 272.525,   7.546, 524.807, 145.780, 52,  0,   1.238, 212.395,  58.998,   0.179, 134.526,  37.368,  15.000,  25.000,   0.000,  90.000,  90.000,    4,   0.267
16:23:07:474, 28440995526402,  217.907,   83.000, 2700,  10.221, 982.231, 272.842,   7.959, 525.695, 146.026, 56,  0,   1.748, 212.589,  59.053,   0.647, 134.598,  37.388,  15.000,  25.000,   0.000,  90.000,  90.000,    2,   0.000
16:23:07:582, 28441252577819,  218.014,   97.000, 2700,  10.740, 983.382, 273.162,   8.362, 526.591, 146.275, 55,  0,   1.819, 212.784,  59.107,   0.642, 134.667,  37.407,  15.000,  25.000,   0.000,  90.000,  90.000,    2,   0.000
16:23:07:723, 28441593365234,  218.156,   97.000, 2700,  10.268, 984.840, 273.567,   8.352, 527.777, 146.605, 55,  0,   1.723, 213.029,  59.175,   0.131, 134.685,  37.413,  15.000,  25.000,   0.000,  90.000,  90.000,    7,   0.794
16:23:07:794, 28441763464776,  218.227,   45.000, 2700,   7.515, 985.372, 273.714,   6.003, 528.202, 146.723, 54,  0,   1.002, 213.100,  59.194,   0.055, 134.689,  37.414,  15.000,  25.000,   0.000,  90.000,  90.000,    6,   0.849
16:23:07:901, 28442019561696,  218.333,   54.000, 2700,   7.919, 986.217, 273.949,   6.408, 528.886, 146.913, 53,  0,   1.097, 213.217,  59.227,   0.062, 134.696,  37.415,  15.000,  25.000,   0.000,  90.000,  90.000,    9,   1.293
16:23:08:011, 28442283949646,  218.443,   56.000, 2700,   8.723, 987.178, 274.216,   6.863, 529.642, 147.123, 53,  0,   1.707, 213.405,  59.279,   0.036, 134.700,  37.417,  15.000,  25.000,   0.000,  90.000,  90.000,    3,   0.028
16:23:08:119, 28442543568926,  218.552,   62.000, 2700,   8.614, 988.110, 274.475,   6.852, 530.383, 147.329, 54,  0,   1.710, 213.590,  59.331,   0.015, 134.701,  37.417,  15.000,  25.000,   0.000,  90.000,  90.000,    1,   0.000
16:23:08:234, 28442817504319,  218.666,   72.000, 2700,   9.456, 989.189, 274.775,   7.629, 531.254, 147.571, 54,  0,   1.709, 213.785,  59.385,   0.057, 134.708,  37.419,  15.000,  25.000,   0.000,  90.000,  90.000,    6,   0.777
16:23:08:343, 28443079453814,  218.775,   72.000, 2700,   9.436, 990.219, 275.061,   7.705, 532.095, 147.804, 54,  0,   1.632, 213.963,  59.434,   0.016, 134.710,  37.419,  15.000,  25.000,   0.000,  90.000,  90.000,    1,   0.000
16:23:08:460, 28443360228596,  218.892,   78.000, 2700,   9.592, 991.341, 275.373,   7.782, 533.006, 148.057, 55,  0,   1.674, 214.159,  59.489,   0.047, 134.715,  37.421,  15.000,  25.000,   0.000,  90.000,  90.000,    6,   0.632
16:23:08:572, 28443630055671,  219.004,   65.000, 2700,   8.999, 992.353, 275.654,   7.261, 533.822, 148.284, 54,  0,   1.616, 214.341,  59.539,   0.017, 134.717,  37.421,  15.000,  25.000,   0.000,  90.000,  90.000,    1,   0.000
16:23:08:706, 28443950215246,  219.138,   69.000, 2700,   8.659, 993.508, 275.974,   6.843, 534.735, 148.537, 56,  0,   1.601, 214.554,  59.598,   0.053, 134.724,  37.423,  15.000,  25.000,   0.000,  90.000,  90.000,    8,   1.003
16:23:08:788, 28444147898476,  219.220,   62.000, 2700,   8.730, 994.227, 276.174,   7.133, 535.322, 148.701, 55,  0,   1.462, 214.675,  59.632,   0.039, 134.727,  37.424,  15.000,  25.000,   0.000,  90.000,  90.000,    3,   0.383
16:23:08:897, 28444410763923,  219.330,   88.000, 2700,   9.756, 995.296, 276.471,   8.077, 536.207, 148.946, 55,  0,   1.578, 214.847,  59.680,   0.016, 134.729,  37.425,  15.000,  25.000,   0.000,  90.000,  90.000,    2,   0.000
16:23:09:007, 28444674205358,  219.439,   78.000, 2700,   9.740, 996.365, 276.768,   7.990, 537.084, 149.190, 56,  0,   1.862, 215.052,  59.737,   0.024, 134.732,  37.425,  15.000,  25.000,   0.000,  90.000,  90.000,    1,   0.000
16:23:09:115, 28444933388441,  219.547,   76.000, 2700,  10.082, 997.454, 277.070,   8.283, 537.978, 149.438, 56,  0,   1.783, 215.244,  59.790,   0.015, 134.733,  37.426,  15.000,  25.000,   0.000,  90.000,  90.000,    3,   0.000
16:23:09:232, 28445214450495,  219.664,   97.000, 2700,  10.520, 998.686, 277.413,   8.736, 539.001, 149.723, 57,  0,   1.611, 215.433,  59.842,   0.030, 134.737,  37.427,  15.000,  25.000,   0.000,  90.000,  90.000,    2,   0.000
16:23:09:351, 28445498710540,  219.783,   71.000, 2700,   9.649, 999.829, 277.730,   7.915, 539.939, 149.983, 55,  0,   1.481, 215.608,  59.891,   0.016, 134.739,  37.427,  15.000,  25.000,   0.000,  90.000,  90.000,    2,   0.000
16:23:09:457, 28445753059179,  219.889,   33.000, 2700,   7.892,1000.665, 277.962,   6.272, 540.604, 150.168, 55,  0,   1.110, 215.726,  59.924,   0.045, 134.744,  37.429,  15.000,  25.000,   0.000,  90.000,  90.000,    4,   0.319
16:23:09:573, 28446032822144,  220.005,   30.000, 2700,   6.733,1001.450, 278.181,   5.127, 541.201, 150.334, 54,  0,   1.065, 215.850,  59.958,   0.016, 134.745,  37.429,  15.000,  25.000,   0.000,  90.000,  90.000,    2,   0.000
16:23:09:707, 28446354725216,  220.140,   92.000, 2700,   9.763,1002.759, 278.544,   7.989, 542.273, 150.631, 55,  0,   1.610, 216.066,  60.018,   0.063, 134.754,  37.432,  15.000,  25.000,   0.000,  90.000,  90.000,    7,   0.892
16:23:09:809, 28446598612594,  220.241,   51.000, 2700,   8.223,1003.595, 278.776,   6.744, 542.958, 150.822, 54,  0,   1.302, 216.198,  60.055,   0.035, 134.758,  37.433,  15.000,  25.000,   0.000,  90.000,  90.000,    4,   0.191
16:23:09:922, 28446869350774,  220.354,   41.000, 2700,   7.762,1004.470, 279.020,   6.274, 543.666, 151.018, 55,  0,   1.156, 216.329,  60.091,   0.060, 134.764,  37.435,  15.000,  25.000,   0.000,  90.000,  90.000,    7,   0.896
16:23:10:029, 28447125932972,  220.461,   26.000, 2300,   6.782,1005.196, 279.221,   5.331, 544.236, 151.177, 52,  0,   1.028, 216.439,  60.122,   0.037, 134.768,  37.436,  15.000,  25.000,   0.000,  90.000,  90.000,    5,   0.740
16:23:10:140, 28447394013176,  220.573,   44.000, 2700,   7.725,1006.058, 279.461,   6.265, 544.935, 151.371, 54,  0,   1.186, 216.571,  60.159,   0.014, 134.770,  37.436,  15.000,  25.000,   0.000,  90.000,  90.000,    1,   0.000
16:23:10:255, 28447670063054,  220.688,   67.000, 2700,   9.705,1007.175, 279.771,   8.009, 545.857, 151.627, 56,  0,   1.698, 216.766,  60.213,   0.013, 134.771,  37.436,  15.000,  25.000,   0.000,  90.000,  90.000,    1,   0.000
16:23:10:354, 28447906356870,  220.786,   53.000, 2700,   8.964,1008.057, 280.016,   7.243, 546.570, 151.825, 55,  0,   1.497, 216.914,  60.254,   0.045, 134.776,  37.438,  15.000,  25.000,   0.000,  90.000,  90.000,    5,   0.460
16:23:10:475, 28448197302144,  220.907,   33.000, 2700,   7.725,1008.994, 280.276,   6.065, 547.305, 152.029, 54,  0,   1.155, 217.054,  60.293,   0.077, 134.785,  37.440,  15.000,  25.000,   0.000,  90.000,  90.000,   10,   1.170
16:23:10:584, 28448459685595,  221.017,   26.000, 2700,   6.445,1009.698, 280.472,   4.812, 547.831, 152.175, 52,  0,   1.128, 217.177,  60.327,   0.013, 134.786,  37.441,  15.000,  25.000,   0.000,  90.000,  90.000,    1,   0.000
16:23:10:691, 28448722740622,  221.126,   40.000, 2800,   7.451,1010.515, 280.699,   5.958, 548.484, 152.357, 54,  0,   1.071, 217.295,  60.360,   0.050, 134.792,  37.442,  15.000,  25.000,   0.000,  90.000,  90.000,    6,   0.847
16:23:10:815, 28449012884432,  221.247,    9.000, 2300,   2.873,1010.862, 280.795,   1.395, 548.653, 152.404, 48,  0,   0.945, 217.409,  60.391,   0.030, 134.796,  37.443,  15.000,  25.000,   0.000,  90.000,  90.000,    3,   0.200
16:23:10:918, 28449261845232,  221.351,   13.000, 2300,   3.010,1011.175, 280.882,   1.477, 548.806, 152.446, 48,  0,   1.014, 217.514,  60.421,   0.015, 134.797,  37.444,  15.000,  25.000,   0.000,  90.000,  90.000,    1,   0.000
16:23:11:042, 28449557152299,  221.474,   11.000, 2700,   3.304,1011.581, 280.995,   1.726, 549.018, 152.505, 48,  0,   1.079, 217.647,  60.457,   0.015, 134.799,  37.444,  15.000,  25.000,   0.000,  90.000,  90.000,    1,   0.000
16:23:11:155, 28449828938167,  221.587,   10.000, 2700,   3.129,1011.936, 281.093,   1.601, 549.200, 152.555, 47,  0,   1.038, 217.764,  60.490,   0.012, 134.800,  37.445,  15.000,  25.000,   0.000,  90.000,  90.000,    1,   0.000
16:23:11:261, 28450083233786,  221.693,   10.000, 2300,   2.881,1012.241, 281.178,   1.343, 549.342, 152.595, 47,  0,   0.997, 217.870,  60.519,   0.013, 134.802,  37.445,  15.000,  25.000,   0.000,  90.000,  90.000,    2,   0.000
16:23:11:371, 28450347395720,  221.803,   25.000, 2300,   2.522,1012.518, 281.255,   1.071, 549.460, 152.628, 47,  0,   0.970, 217.977,  60.549,   0.019, 134.804,  37.445,  15.000,  25.000,   0.000,  90.000,  90.000,    1,   0.000
16:23:11:493, 28450640463975,  221.925,   26.000, 2700,   6.405,1013.301, 281.472,   4.832, 550.050, 152.792, 53,  0,   1.092, 218.110,  60.586,   0.037, 134.808,  37.447,  15.000,  25.000,   0.000,  90.000,  90.000,    4,   0.247
16:23:11:617, 28450937032544,  222.049,   30.000, 2700,   7.627,1014.243, 281.734,   6.036, 550.796, 152.999, 54,  0,   1.077, 218.243,  60.623,   0.012, 134.810,  37.447,  15.000,  25.000,   0.000,  90.000,  90.000,    1,   0.000
16:23:11:725, 28451196380847,  222.157,   48.000, 2700,   8.412,1015.152, 281.987,   6.743, 551.525, 153.201, 52,  0,   1.201, 218.373,  60.659,   0.075, 134.818,  37.449,  15.000,  25.000,   0.000,  90.000,  90.000,    9,   1.106
16:23:11:834, 28451458096854,  222.266,   25.000, 2700,   6.293,1015.838, 282.177,   4.683, 552.035, 153.343, 50,  0,   1.113, 218.494,  60.693,   0.018, 134.820,  37.450,  15.000,  25.000,   0.000,  90.000,  90.000,    1,   0.000
16:23:11:942, 28451716834528,  222.374,   23.000, 1000,   2.433,1016.101, 282.250,   1.016, 552.145, 153.374, 48,  0,   0.920, 218.593,  60.720,   0.014, 134.821,  37.450,  15.000,  25.000,   0.000,  90.000,  90.000,    9,   0.000
16:23:12:064, 28452010382309,  222.496,   18.000,  900,   2.149,1016.363, 282.323,   0.726, 552.233, 153.398, 47,  0,   0.868, 218.700,  60.750,   0.077, 134.831,  37.453,  15.000,  25.000,   0.000,  90.000,  90.000,   16,   0.000
16:23:12:174, 28452275110354,  222.606,   24.000,  900,   2.835,1016.676, 282.410,   1.219, 552.368, 153.436, 47,  0,   0.915, 218.800,  60.778,   0.151, 134.847,  37.458,  15.000,  25.000,   0.000,  90.000,  90.000,   28,   0.000
16:23:12:281, 28452530609234,  222.713,   12.000, 2700,   3.834,1017.084, 282.523,   2.000, 552.581, 153.495, 47,  0,   1.020, 218.909,  60.808,   0.251, 134.874,  37.465,  15.000,  25.000,   0.000,  90.000,  90.000,    1,   0.000
16:23:12:390, 28452792610912,  222.822,   16.000, 2700,   3.883,1017.508, 282.641,   2.192, 552.820, 153.561, 47,  0,   1.146, 219.034,  60.843,   0.034, 134.878,  37.466,  15.000,  25.000,   0.000,  90.000,  90.000,    3,   0.109
16:23:12:497, 28453049490072,  222.929,    8.000, 2700,   3.973,1017.933, 282.759,   1.780, 553.011, 153.614, 47,  0,   0.922, 219.133,  60.870,   0.638, 134.946,  37.485,  15.000,  25.000,   0.000,  90.000,  90.000,    3,   0.162
16:23:12:619, 28453343523219,  223.052,   15.000, 1200,   3.258,1018.333, 282.870,   1.151, 553.152, 153.653, 46,  0,   0.864, 219.239,  60.900,   0.633, 135.024,  37.507,  15.000,  25.000,   0.000,  90.000,  90.000,   25,   0.000
16:23:12:729, 28453605570070,  223.161,   21.000, 2700,   5.558,1018.939, 283.039,   3.266, 553.508, 153.752, 48,  0,   0.956, 219.343,  60.929,   0.736, 135.104,  37.529,  15.000,  25.000,   0.000,  90.000,  90.000,   13,   1.565
16:23:12:866, 28453935622821,  223.298,   18.000, 2500,   4.413,1019.546, 283.207,   2.361, 553.833, 153.843, 47,  0,   0.997, 219.480,  60.967,   0.625, 135.190,  37.553,  15.000,  25.000,   0.000,  90.000,  90.000,    1,   0.000
16:23:12:967, 28454177909100,  223.399,   18.000, 1900,   3.273,1019.877, 283.299,   1.253, 553.959, 153.878, 47,  0,   0.848, 219.566,  60.990,   0.626, 135.253,  37.570,  15.000,  25.000,   0.000,  90.000,  90.000,    1,   0.000
16:23:13:083, 28454456072530,  223.515,   19.000, 1100,   3.264,1020.255, 283.404,   1.141, 554.092, 153.914, 46,  0,   0.924, 219.673,  61.020,   0.645, 135.328,  37.591,  15.000,  25.000,   0.000,  90.000,  90.000,   24,   0.706
16:23:13:192, 28454718627214,  223.624,    9.000, 1100,   3.349,1020.621, 283.506,   1.256, 554.229, 153.953, 46,  0,   0.861, 219.767,  61.046,   0.688, 135.403,  37.612,  15.000,  25.000,   0.000,  90.000,  90.000,    8,   0.035
16:23:13:298, 28454973309208,  223.731,   25.000, 2000,   3.640,1021.008, 283.613,   1.644, 554.404, 154.001, 47,  0,   0.877, 219.860,  61.072,   0.637, 135.471,  37.631,  15.000,  25.000,   0.000,  90.000,  90.000,   18,   0.000
16:23:13:421, 28455267465823,  223.853,   17.000, 1100,   4.661,1021.579, 283.772,   2.586, 554.720, 154.089, 46,  0,   0.935, 219.975,  61.104,   0.675, 135.553,  37.654,  15.000,  25.000,   0.000,  90.000,  90.000,    3,   0.105
16:23:13:531, 28455531297136,  223.963,   32.000, 2700,   5.636,1022.198, 283.944,   3.517, 555.107, 154.196, 52,  0,   1.068, 220.092,  61.137,   0.643, 135.624,  37.673,  15.000,  25.000,   0.000,  90.000,  90.000,    4,   0.763
16:23:13:638, 28455787339229,  224.070,   28.000, 2700,   7.869,1023.038, 284.177,   5.652, 555.710, 154.364, 51,  0,   1.058, 220.205,  61.168,   0.637, 135.692,  37.692,  15.000,  25.000,   0.000,  90.000,  90.000,    1,   0.000
16:23:13:746, 28456047440976,  224.178,   15.000, 2500,   4.812,1023.559, 284.322,   2.776, 556.011, 154.447, 48,  0,   0.892, 220.302,  61.195,   0.657, 135.763,  37.712,  15.000,  25.000,   0.000,  90.000,  90.000,   10,   1.323
16:23:13:868, 28456341096782,  224.301,   19.000, 1100,   2.683,1023.888, 284.413,   0.750, 556.103, 154.473, 47,  0,   0.782, 220.397,  61.221,   0.627, 135.840,  37.733,  15.000,  25.000,   0.000,  90.000,  90.000,   20,   0.000
16:23:13:972, 28456590778851,  224.405,   37.000, 2700,   5.903,1024.502, 284.584,   3.679, 556.485, 154.579, 51,  0,   1.052, 220.507,  61.252,   0.702, 135.913,  37.754,  15.000,  25.000,   0.000,  90.000,  90.000,    3,   0.000
16:23:14:085, 28456860770224,  224.517,   30.000, 2700,   8.128,1025.416, 284.838,   5.981, 557.158, 154.766, 51,  0,   1.083, 220.629,  61.286,   0.628, 135.984,  37.773,  15.000,  25.000,   0.000,  90.000,  90.000,    1,   0.000
16:23:14:194, 28457123220490,  224.626,   30.000, 2700,   8.173,1026.310, 285.086,   5.999, 557.814, 154.948, 52,  0,   1.060, 220.745,  61.318,   0.633, 136.053,  37.792,  15.000,  25.000,   0.000,  90.000,  90.000,    1,   0.000
16:23:14:300, 28457377835844,  224.733,    7.000, 2400,   3.858,1026.719, 285.200,   1.815, 558.007, 155.002, 48,  0,   0.855, 220.835,  61.343,   0.628, 136.120,  37.811,  15.000,  25.000,   0.000,  90.000,  90.000,    1,   0.000
16:23:14:423, 28457672449025,  224.855,   14.000, 1000,   2.994,1027.087, 285.302,   1.037, 558.134, 155.037, 47,  0,   0.832, 220.938,  61.372,   0.629, 136.197,  37.832,  15.000,  25.000,   0.000,  90.000,  90.000,   22,   0.177
16:23:14:533, 28457935872588,  224.965,    4.000, 2300,   3.157,1027.433, 285.398,   1.196, 558.265, 155.074, 46,  0,   0.796, 221.025,  61.396,   0.680, 136.271,  37.853,  15.000,  25.000,   0.000,  90.000,  90.000,    2,   0.000
16:23:14:640, 28458193346756,  225.072,   14.000, 1000,   2.647,1027.717, 285.477,   0.742, 558.345, 155.096, 45,  0,   0.777, 221.108,  61.419,   0.627, 136.339,  37.872,  15.000,  25.000,   0.000,  90.000,  90.000,   28,   0.000
16:23:14:749, 28458455796144,  225.182,   26.000, 1100,   5.592,1028.329, 285.647,   3.512, 558.729, 155.202, 48,  0,   0.908, 221.208,  61.447,   0.722, 136.418,  37.894,  15.000,  25.000,   0.000,  90.000,  90.000,   38,   1.041
16:23:14:855, 28458709499858,  225.287,    8.000, 2700,   3.784,1028.729, 285.758,   1.754, 558.914, 155.254, 47,  0,   0.828, 221.295,  61.471,   0.699, 136.492,  37.914,  15.000,  25.000,   0.000,  90.000,  90.000,    2,   0.000
16:23:14:971, 28458986868544,  225.403,   20.000, 2700,   4.765,1029.279, 285.911,   2.651, 559.221, 155.339, 47,  0,   1.057, 221.417,  61.505,   0.637, 136.565,  37.935,  15.000,  25.000,   0.000,  90.000,  90.000,    6,   0.509
16:23:15:088, 28459267498711,  225.520,    8.000, 2400,   3.694,1029.711, 286.031,   1.580, 559.405, 155.390, 46,  0,   0.902, 221.523,  61.534,   0.625, 136.638,  37.955,  15.000,  25.000,   0.000,  90.000,  90.000,    1,   0.000
16:23:15:197, 28459530021967,  225.629,    8.000, 2400,   3.505,1030.095, 286.137,   1.416, 559.560, 155.433, 46,  0,   0.903, 221.621,  61.561,   0.624, 136.707,  37.974,  15.000,  25.000,   0.000,  90.000,  90.000,    1,   0.000
16:23:15:304, 28459786827473,  225.736,    7.000, 2300,   3.481,1030.467, 286.241,   1.379, 559.708, 155.474, 47,  0,   0.889, 221.717,  61.588,   0.626, 136.774,  37.993,  15.000,  25.000,   0.000,  90.000,  90.000,    1,   0.000
16:23:15:426, 28460078251910,  225.858,   11.000, 2300,   3.578,1030.902, 286.362,   1.431, 559.881, 155.523, 46,  0,   0.922, 221.829,  61.619,   0.632, 136.850,  38.014,  15.000,  25.000,   0.000,  90.000,  90.000,    5,   0.184
16:23:15:534, 28460338404552,  225.966,   66.000, 2700,   9.417,1031.922, 286.645,   7.135, 560.655, 155.737, 52,  0,   1.572, 221.999,  61.666,   0.636, 136.919,  38.033,  15.000,  25.000,   0.000,  90.000,  90.000,    4,   0.000
16:23:15:642, 28460598022563,  226.074,   34.000, 2300,   6.522,1032.628, 286.841,   4.355, 561.126, 155.868, 49,  0,   1.154, 222.124,  61.701,   0.631, 136.988,  38.052,  15.000,  25.000,   0.000,  90.000,  90.000,    1,   0.000
16:23:15:752, 28460861644512,  226.184,   30.000, 2700,   3.935,1033.060, 286.961,   1.932, 561.338, 155.927, 49,  0,   0.868, 222.219,  61.728,   0.659, 137.060,  38.072,  15.000,  25.000,   0.000,  90.000,  90.000,    9,   1.192
16:23:15:858, 28461115138495,  226.290,   19.000, 1000,   2.767,1033.352, 287.042,   0.838, 561.427, 155.952, 46,  0,   0.796, 222.303,  61.751,   0.627, 137.126,  38.091,  15.000,  25.000,   0.000,  90.000,  90.000,   14,   0.000
16:23:15:968, 28461380480618,  226.400,   24.000,  900,   3.496,1033.739, 287.150,   1.307, 561.571, 155.992, 47,  0,   0.978, 222.411,  61.781,   0.661, 137.199,  38.111,  15.000,  25.000,   0.000,  90.000,  90.000,   18,   0.000
16:23:16:075, 28461636554249,  226.507,   11.000, 1600,   3.302,1034.091, 287.248,   1.138, 561.693, 156.026, 46,  0,   0.919, 222.509,  61.808,   0.666, 137.270,  38.131,  15.000,  25.000,   0.000,  90.000,  90.000,    2,   0.000
16:23:16:184, 28461898905486,  226.616,   10.000, 1600,   3.118,1034.432, 287.342,   1.008, 561.803, 156.056, 46,  0,   0.903, 222.608,  61.836,   0.627, 137.339,  38.150,  15.000,  25.000,   0.000,  90.000,  90.000,    1,   0.000
16:23:16:311, 28462203910305,  226.743,   29.000, 2700,   4.040,1034.945, 287.485,   1.905, 562.045, 156.124, 47,  0,   1.106, 222.749,  61.875,   0.627, 137.418,  38.172,  15.000,  25.000,   0.000,  90.000,  90.000,    1,   0.000
16:23:16:428, 28462483980026,  226.860,   16.000,  900,   3.205,1035.319, 287.589,   1.297, 562.196, 156.166, 46,  0,   0.807, 222.843,  61.901,   0.629, 137.492,  38.192,  15.000,  25.000,   0.000,  90.000,  90.000,   10,   0.080
16:23:16:540, 28462753439759,  226.972,   38.000,  900,   3.354,1035.696, 287.693,   1.125, 562.323, 156.201, 46,  0,   1.050, 222.961,  61.934,   0.668, 137.567,  38.213,  15.000,  25.000,   0.000,  90.000,  90.000,   41,   0.933
16:23:16:657, 28463032683054,  227.089,   14.000, 2700,   4.587,1036.230, 287.842,   2.431, 562.605, 156.279, 47,  0,   0.953, 223.071,  61.964,   0.730, 137.652,  38.237,  15.000,  25.000,   0.000,  90.000,  90.000,    2,   0.000
16:23:16:772, 28463310388564,  227.204,   20.000, 1500,   4.652,1036.768, 287.991,   2.512, 562.896, 156.360, 47,  0,   0.960, 223.183,  61.995,   0.657, 137.728,  38.258,  15.000,  25.000,   0.000,  90.000,  90.000,   12,   1.506
16:23:16:879, 28463566294020,  227.311,   10.000, 1500,   3.004,1037.088, 288.080,   0.971, 563.000, 156.389, 46,  0,   0.859, 223.274,  62.021,   0.634, 137.795,  38.276,  15.000,  25.000,   0.000,  90.000,  90.000,    1,   0.000
16:23:16:988, 28463828844282,  227.420,   15.000, 1500,   3.136,1037.431, 288.175,   1.101, 563.120, 156.422, 46,  0,   0.883, 223.371,  62.047,   0.627, 137.864,  38.296,  15.000,  25.000,   0.000,  90.000,  90.000,    3,   0.000
16:23:17:095, 28464084190558,  227.527,   13.000, 1500,   3.188,1037.771, 288.270,   1.097, 563.237, 156.455, 46,  0,   0.914, 223.468,  62.074,   0.632, 137.931,  38.314,  15.000,  25.000,   0.000,  90.000,  90.000,    2,   0.000
16:23:17:204, 28464346513635,  227.636,   10.000, 1500,   3.050,1038.104, 288.362,   0.931, 563.339, 156.483, 45,  0,   0.889, 223.565,  62.101,   0.629, 138.000,  38.333,  15.000,  25.000,   0.000,  90.000,  90.000,    2,   0.000
16:23:17:311, 28464602669608,  227.743,   11.000, 1500,   3.081,1038.433, 288.454,   0.966, 563.442, 156.512, 46,  0,   0.896, 223.661,  62.128,   0.626, 138.067,  38.352,  15.000,  25.000,   0.000,  90.000,  90.000,    2,   0.000
16:23:17:430, 28464889982842,  227.863,   29.000, 2300,   3.701,1038.876, 288.577,   1.516, 563.623, 156.562, 47,  0,   1.064, 223.788,  62.163,   0.631, 138.142,  38.373,  15.000,  25.000,   0.000,  90.000,  90.000,    3,   0.000
16:23:17:540, 28465152554111,  227.972,   86.000, 2700,  10.473,1040.022, 288.895,   8.084, 564.508, 156.808, 53,  0,   1.817, 223.987,  62.219,   0.638, 138.212,  38.392,  15.000,  25.000,   0.000,  90.000,  90.000,    4,   0.270
16:23:17:661, 28465443744070,  228.093,   70.000, 2700,   9.060,1041.121, 289.200,   6.892, 565.344, 157.040, 51,  0,   1.594, 224.180,  62.272,   0.423, 138.263,  38.406,  15.000,  25.000,   0.000,  90.000,  90.000,    1,   0.000
16:23:17:776, 28465718247153,  228.208,   21.000, 2300,   3.987,1041.577, 289.327,   2.446, 565.624, 157.118, 48,  0,   0.996, 224.294,  62.304,   0.083, 138.273,  38.409,  15.000,  25.000,   0.000,  90.000,  90.000,   10,   1.213
16:23:17:897, 28466008867084,  228.329,   14.000, 2300,   3.060,1041.947, 289.430,   1.486, 565.804, 157.168, 48,  0,   1.075, 224.424,  62.340,   0.012, 138.274,  38.409,  15.000,  25.000,   0.000,  90.000,  90.000,    1,   0.000
16:23:17:998, 28466252848451,  228.430,   21.000,  900,   2.838,1042.236, 289.510,   1.359, 565.942, 157.206, 46,  0,   0.977, 224.524,  62.368,   0.021, 138.276,  38.410,  15.000,  25.000,   0.000,  90.000,  90.000,   29,   0.000
16:23:18:115, 28466533478300,  228.547,   51.000, 1100,   2.894,1042.574, 289.604,   1.215, 566.084, 157.245, 47,  0,   0.971, 224.637,  62.399,   0.262, 138.307,  38.419,  15.000,  25.000,   0.000,  90.000,  90.000,   27,   0.000
16:23:18:232, 28466814039928,  228.664,    9.000, 2300,   4.663,1043.119, 289.755,   2.445, 566.370, 157.325, 46,  0,   1.072, 224.763,  62.434,   0.703, 138.389,  38.441,  15.000,  25.000,   0.000,  90.000,  90.000,    8,   1.024
16:23:18:339, 28467070766188,  228.771,    8.000, 2300,   3.448,1043.488, 289.858,   1.324, 566.511, 157.364, 46,  0,   0.895, 224.858,  62.461,   0.634, 138.457,  38.460,  15.000,  25.000,   0.000,  90.000,  90.000,    2,   0.000
16:23:18:448, 28467332159002,  228.880,    9.000, 2300,   3.508,1043.870, 289.964,   1.396, 566.663, 157.406, 46,  0,   0.917, 224.958,  62.488,   0.632, 138.526,  38.479,  15.000,  25.000,   0.000,  90.000,  90.000,    3,   0.100
16:23:18:560, 28467601089368,  228.992,    9.000, 2300,   3.609,1044.275, 290.076,   1.491, 566.830, 157.453, 46,  0,   0.928, 225.062,  62.517,   0.623, 138.595,  38.499,  15.000,  25.000,   0.000,  90.000,  90.000,    3,   0.140
16:23:18:681, 28467892377437,  229.114,   21.000, 1100,   4.048,1044.766, 290.213,   1.986, 567.071, 157.520, 46,  0,   0.937, 225.176,  62.549,   0.625, 138.671,  38.520,  15.000,  25.000,   0.000,  90.000,  90.000,   26,   0.000
16:23:18:791, 28468154787767,  229.223,   18.000, 2700,   5.284,1045.344, 290.373,   3.099, 567.410, 157.614, 47,  0,   0.934, 225.278,  62.577,   0.731, 138.751,  38.542,  15.000,  25.000,   0.000,  90.000,  90.000,   14,   1.410
16:23:18:892, 28468397822273,  229.324,   35.000, 2700,   6.557,1046.008, 290.558,   4.472, 567.863, 157.740, 50,  0,   1.246, 225.404,  62.612,   0.623, 138.814,  38.560,  15.000,  25.000,   0.000,  90.000,  90.000,    1,   0.000
16:23:19:003, 28468663617757,  229.435,   13.000, 2700,   4.500,1046.506, 290.696,   2.368, 568.125, 157.813, 48,  0,   1.001, 225.515,  62.643,   0.624, 138.883,  38.579,  15.000,  25.000,   0.000,  90.000,  90.000,    1,   0.000
16:23:19:114, 28468929612662,  229.546,   12.000, 2700,   4.231,1046.975, 290.826,   2.088, 568.357, 157.877, 48,  0,   0.996, 225.625,  62.674,   0.651, 138.956,  38.599,  15.000,  25.000,   0.000,  90.000,  90.000,    8,   1.107
16:23:19:216, 28469175925384,  229.648,   73.000, 2700,  10.205,1048.022, 291.117,   7.831, 569.160, 158.100, 55,  0,   1.663, 225.796,  62.721,   0.631, 139.020,  38.617,  15.000,  25.000,   0.000,  90.000,  90.000,    4,   0.433
16:23:19:334, 28469457847280,  229.766,   30.000, 2300,   6.909,1048.834, 291.343,   4.810, 569.725, 158.257, 50,  0,   1.221, 225.940,  62.761,   0.629, 139.094,  38.637,  15.000,  25.000,   0.000,  90.000,  90.000,    2,   0.129
16:23:19:437, 28469705802493,  229.869,   10.000, 1100,   2.708,1049.114, 291.420,   0.807, 569.809, 158.280, 48,  0,   0.782, 226.020,  62.783,   0.626, 139.159,  38.655,  15.000,  25.000,   0.000,  90.000,  90.000,    5,   0.000
16:23:19:547, 28469969296164,  229.979,   17.000, 1100,   2.956,1049.438, 291.511,   0.914, 569.909, 158.308, 47,  0,   0.907, 226.120,  62.811,   0.658, 139.231,  38.675,  15.000,  25.000,   0.000,  90.000,  90.000,   25,   1.039
16:23:19:664, 28470250281328,  230.096,   24.000, 1900,   3.939,1049.899, 291.639,   1.770, 570.116, 158.366, 46,  0,   0.997, 226.237,  62.844,   0.653, 139.308,  38.697,  15.000,  25.000,   0.000,  90.000,  90.000,    1,   0.000
16:23:19:762, 28470486055516,  230.194,   23.000, 2700,   5.036,1050.394, 291.776,   2.870, 570.398, 158.444, 47,  0,   1.002, 226.335,  62.871,   0.651, 139.372,  38.714,  15.000,  25.000,   0.000,  90.000,  90.000,   12,   1.394
16:23:19:884, 28470778172734,  230.316,   11.000, 2300,   3.726,1050.848, 291.902,   1.652, 570.599, 158.500, 47,  0,   0.889, 226.443,  62.901,   0.621, 139.447,  38.735,  15.000,  25.000,   0.000,  90.000,  90.000,    3,   0.000
16:23:19:986, 28471022322781,  230.418,   23.000, 2700,   5.792,1051.437, 292.066,   3.539, 570.960, 158.600, 48,  0,   1.190, 226.564,  62.935,   0.641, 139.512,  38.753,  15.000,  25.000,   0.000,  90.000,  90.000,    6,   0.636
16:23:20:101, 28471298988540,  230.533,   16.000, 1100,   3.506,1051.841, 292.178,   1.458, 571.128, 158.647, 46,  0,   0.866, 226.664,  62.962,   0.622, 139.584,  38.773,  15.000,  25.000,   0.000,  90.000,  90.000,   18,   0.000
16:23:20:197, 28471530526811,  230.629,   25.000, 1100,   5.093,1052.332, 292.315,   2.942, 571.411, 158.725, 47,  0,   1.029, 226.763,  62.990,   0.673, 139.649,  38.791,  15.000,  25.000,   0.000,  90.000,  90.000,   43,   0.000
16:23:20:317, 28471817321356,  230.749,   15.000,  900,   3.890,1052.797, 292.444,   1.739, 571.619, 158.783, 47,  0,   0.878, 226.868,  63.019,   0.713, 139.734,  38.815,  15.000,  25.000,   0.000,  90.000,  90.000,   19,   0.000
16:23:20:440, 28472112485876,  230.872,   25.000, 2700,   4.136,1053.306, 292.585,   2.000, 571.865, 158.851, 48,  0,   0.941, 226.984,  63.051,   0.649, 139.814,  38.837,  15.000,  25.000,   0.000,  90.000,  90.000,    1,   0.000
16:23:20:548, 28472372325680,  230.980,   38.000, 2700,   7.560,1054.124, 292.812,   5.408, 572.451, 159.014, 50,  0,   1.047, 227.097,  63.083,   0.630, 139.882,  38.856,  15.000,  25.000,   0.000,  90.000,  90.000,    4,   0.228
16:23:20:657, 28472633314799,  231.089,   29.000, 2700,   7.380,1054.927, 293.035,   5.164, 573.012, 159.170, 49,  0,   1.082, 227.215,  63.115,   0.626, 139.950,  38.875,  15.000,  25.000,   0.000,  90.000,  90.000,    1,   0.000
16:23:20:764, 28472889385425,  231.196,   50.000, 2700,   8.309,1055.813, 293.282,   6.201, 573.674, 159.354, 52,  0,   1.038, 227.326,  63.146,   0.647, 140.019,  38.894,  15.000,  25.000,   0.000,  90.000,  90.000,    9,   1.029
16:23:20:885, 28473181987477,  231.318,   19.000, 2700,   5.516,1056.486, 293.468,   3.425, 574.091, 159.470, 48,  0,   0.909, 227.437,  63.177,   0.625, 140.096,  38.915,  15.000,  25.000,   0.000,  90.000,  90.000,    1,   0.000
16:23:20:996, 28473446662104,  231.428,   32.000, 2700,   6.684,1057.223, 293.673,   4.543, 574.592, 159.609, 50,  0,   1.057, 227.553,  63.209,   0.626, 140.165,  38.935,  15.000,  25.000,   0.000,  90.000,  90.000,    1,   0.000
16:23:21:118, 28473739659248,  231.550,   33.000, 2300,   7.207,1058.103, 293.917,   5.037, 575.207, 159.780, 50,  0,   1.009, 227.676,  63.243,   0.623, 140.241,  38.956,  15.000,  25.000,   0.000,  90.000,  90.000,    1,   0.000
16:23:21:241, 28474036093146,  231.673,   19.000, 2700,   4.716,1058.685, 294.079,   2.578, 575.526, 159.868, 49,  0,   0.941, 227.792,  63.276,   0.627, 140.318,  38.977,  15.000,  25.000,   0.000,  90.000,  90.000,    1,   0.000
16:23:21:350, 28474296746821,  231.782,   34.000, 2700,   7.427,1059.492, 294.303,   5.313, 576.103, 160.029, 51,  0,   0.984, 227.899,  63.305,   0.627, 140.386,  38.996,  15.000,  25.000,   0.000,  90.000,  90.000,    1,   0.000
16:23:21:458, 28474556597314,  231.890,   22.000, 2400,   5.452,1060.082, 294.467,   3.381, 576.469, 160.130, 48,  0,   1.074, 228.016,  63.338,   0.630, 140.454,  39.015,  15.000,  25.000,   0.000,  90.000,  90.000,    3,   0.082
16:23:21:578, 28474845140316,  232.011,   27.000, 1500,   3.087,1060.453, 294.570,   1.148, 576.607, 160.169, 47,  0,   0.839, 228.117,  63.366,   0.636, 140.531,  39.036,  15.000,  25.000,   0.000,  90.000,  90.000,    8,   0.117
16:23:21:719, 28475190891938,  232.155,   46.000, 2700,   7.328,1061.509, 294.864,   5.281, 577.368, 160.380, 52,  0,   0.991, 228.259,  63.405,   0.674, 140.628,  39.063,  15.000,  25.000,   0.000,  90.000,  90.000,   13,   2.167
16:23:21:793, 28475360110180,  232.225,   11.000, 2300,   4.213,1061.806, 294.946,   2.149, 577.519, 160.422, 49,  0,   0.913, 228.324,  63.423,   0.637, 140.673,  39.076,  15.000,  25.000,   0.000,  90.000,  90.000,    5,   0.302
16:23:21:904, 28475626076380,  232.336,   13.000, 2300,   3.880,1062.236, 295.066,   1.771, 577.715, 160.477, 48,  0,   0.913, 228.425,  63.451,   0.623, 140.742,  39.095,  15.000,  25.000,   0.000,  90.000,  90.000,    1,   0.000
16:23:22:013, 28475888367312,  232.445,   39.000, 2700,   7.610,1063.068, 295.297,   5.462, 578.312, 160.642, 50,  0,   1.045, 228.539,  63.483,   0.627, 140.810,  39.114,  15.000,  25.000,   0.000,  90.000,  90.000,    3,   0.000
16:23:22:120, 28476144712915,  232.552,   20.000, 2700,   5.723,1063.679, 295.466,   3.558, 578.693, 160.748, 49,  0,   0.971, 228.643,  63.512,   0.621, 140.877,  39.132,  15.000,  25.000,   0.000,  90.000,  90.000,    1,   0.000
16:23:22:243, 28476441138829,  232.676,    7.000, 2300,   3.595,1064.123, 295.590,   1.480, 578.875, 160.799, 48,  0,   0.891, 228.753,  63.542,   0.622, 140.954,  39.154,  15.000,  25.000,   0.000,  90.000,  90.000,    1,   0.000
16:23:22:351, 28476700471990,  232.784,   16.000, 2700,   4.440,1064.603, 295.723,   2.330, 579.127, 160.869, 49,  0,   0.926, 228.853,  63.570,   0.626, 141.021,  39.173,  15.000,  25.000,   0.000,  90.000,  90.000,    1,   0.000
16:23:22:460, 28476961592340,  232.892,   36.000, 2700,   7.505,1065.420, 295.950,   5.343, 579.708, 161.030, 50,  0,   1.009, 228.963,  63.601,   0.619, 141.089,  39.191,  15.000,  25.000,   0.000,  90.000,  90.000,    2,   0.000
16:23:22:567, 28477218350431,  232.999,   15.000, 2700,   5.019,1065.957, 296.099,   2.865, 580.015, 161.115, 49,  0,   0.988, 229.068,  63.630,   0.637, 141.157,  39.210,  15.000,  25.000,   0.000,  90.000,  90.000,    4,   0.250
16:23:22:721, 28477600050620,  233.158,   33.000, 2800,   4.494,1066.671, 296.298,   2.362, 580.391, 161.220, 50,  0,   0.929, 229.216,  63.671,   0.641, 141.259,  39.239,  15.000,  25.000,   0.000,  90.000,  90.000,    4,   0.533
16:23:22:799, 28477774663383,  233.231,   31.000, 2700,   6.775,1067.164, 296.435,   4.802, 580.740, 161.317, 50,  0,   0.902, 229.282,  63.689,   0.639, 141.305,  39.251,  15.000,  25.000,   0.000,  90.000,  90.000,    5,   0.336
16:23:22:906, 28478031250276,  233.338,   33.000, 2700,   7.335,1067.948, 296.652,   5.280, 581.304, 161.473, 50,  0,   0.936, 229.382,  63.717,   0.628, 141.372,  39.270,  15.000,  25.000,   0.000,  90.000,  90.000,    1,   0.000
16:23:23:014, 28478290277026,  233.446,   12.000,  900,   3.360,1068.311, 296.753,   1.403, 581.456, 161.516, 47,  0,   0.818, 229.470,  63.742,   0.629, 141.440,  39.289,  15.000,  25.000,   0.000,  90.000,  90.000,   15,   0.000
16:23:23:122, 28478550421596,  233.554,    9.000, 2700,   3.908,1068.735, 296.871,   1.745, 581.645, 161.568, 47,  0,   0.913, 229.569,  63.769,   0.663, 141.512,  39.309,  15.000,  25.000,   0.000,  90.000,  90.000,    2,   0.000
16:23:23:245, 28478845436173,  233.677,    8.000, 2300,   3.727,1069.193, 296.998,   1.614, 581.843, 161.623, 47,  0,   0.911, 229.681,  63.800,   0.627, 141.589,  39.330,  15.000,  25.000,   0.000,  90.000,  90.000,    2,   0.000
16:23:23:354, 28479105707972,  233.786,   36.000, 2700,   7.332,1069.988, 297.219,   5.203, 582.408, 161.780, 50,  0,   1.007, 229.790,  63.831,   0.625, 141.657,  39.349,  15.000,  25.000,   0.000,  90.000,  90.000,    1,   0.000
16:23:23:491, 28479435905492,  233.923,   22.000,  900,   5.143,1070.696, 297.415,   3.055, 582.828, 161.897, 48,  0,   0.918, 229.916,  63.866,   0.630, 141.744,  39.373,  15.000,  25.000,   0.000,  90.000,  90.000,   25,   0.178
16:23:23:600, 28479697682680,  234.032,   16.000, 1200,   3.779,1071.108, 297.530,   1.684, 583.012, 161.948, 47,  0,   0.854, 230.010,  63.892,   0.718, 141.822,  39.395,  15.000,  25.000,   0.000,  90.000,  90.000,   36,   0.000
16:23:23:724, 28479996380906,  234.157,   33.000, 2700,   4.783,1071.703, 297.695,   2.719, 583.350, 162.042, 50,  0,   0.881, 230.119,  63.922,   0.711, 141.911,  39.420,  15.000,  25.000,   0.000,  90.000,  90.000,    7,   0.933
16:23:23:820, 28480225132536,  234.252,   30.000, 2700,   6.527,1072.325, 297.868,   4.392, 583.769, 162.158, 50,  0,   1.001, 230.215,  63.949,   0.638, 141.971,  39.436,  15.000,  25.000,   0.000,  90.000,  90.000,    6,   0.268
16:23:23:925, 28480475755908,  234.357,   39.000, 2700,   7.840,1073.144, 298.096,   5.604, 584.354, 162.321, 51,  0,   1.079, 230.327,  63.980,   0.627, 142.037,  39.455,  15.000,  25.000,   0.000,  90.000,  90.000,    1,   0.000
16:23:24:047, 28480769649013,  234.479,   10.000, 2300,   3.895,1073.621, 298.228,   1.781, 584.572, 162.381, 48,  0,   0.916, 230.439,  64.011,   0.628, 142.114,  39.476,  15.000,  25.000,   0.000,  90.000,  90.000,    1,   0.000
16:23:24:155, 28481029739504,  234.587,   21.000, 2300,   4.845,1074.146, 298.374,   2.767, 584.872, 162.464, 48,  0,   1.095, 230.558,  64.044,   0.634, 142.182,  39.495,  15.000,  25.000,   0.000,  90.000,  90.000,    1,   0.000
16:23:24:270, 28481303842477,  234.702,   13.000, 1000,   3.239,1074.516, 298.477,   1.235, 585.013, 162.504, 47,  0,   0.883, 230.659,  64.072,   0.659, 142.258,  39.516,  15.000,  25.000,   0.000,  90.000,  90.000,   26,   0.724
16:23:24:384, 28481578085032,  234.816,   24.000, 2700,   5.032,1075.091, 298.636,   3.024, 585.358, 162.600, 50,  0,   0.858, 230.757,  64.099,   0.688, 142.336,  39.538,  15.000,  25.000,   0.000,  90.000,  90.000,    2,   0.000
16:23:24:492, 28481838242197,  234.924,   31.000, 1100,   5.636,1075.702, 298.806,   3.428, 585.730, 162.703, 47,  0,   0.985, 230.864,  64.129,   0.653, 142.407,  39.557,  15.000,  25.000,   0.000,  90.000,  90.000,   41,   0.408
16:23:24:598, 28482091847417,  235.030,   12.000, 2200,   4.512,1076.179, 298.939,   2.255, 585.968, 162.769, 48,  0,   0.947, 230.964,  64.157,   0.766, 142.488,  39.580,  15.000,  25.000,   0.000,  90.000,  90.000,    3,   0.000
16:23:24:725, 28482412214526,  235.163,   31.000, 2800,   4.380,1076.763, 299.101,   2.238, 586.267, 162.852, 50,  0,   0.945, 231.090,  64.192,   0.642, 142.574,  39.604,  15.000,  25.000,   0.000,  90.000,  90.000,    6,   0.890
16:23:24:819, 28482621560635,  235.251,    8.000, 2700,   4.083,1077.120, 299.200,   1.962, 586.438, 162.900, 47,  0,   0.912, 231.170,  64.214,   0.640, 142.629,  39.619,  15.000,  25.000,   0.000,  90.000,  90.000,    5,   0.534
16:23:24:932, 28482894164801,  235.364,   16.000, 2700,   4.666,1077.650, 299.347,   2.523, 586.725, 162.979, 48,  0,   1.020, 231.285,  64.246,   0.636, 142.702,  39.639,  15.000,  25.000,   0.000,  90.000,  90.000,    4,   0.252
16:23:25:049, 28483174230103,  235.481,    8.000, 2700,   3.938,1078.109, 299.475,   1.809, 586.936, 163.038, 47,  0,   0.917, 231.392,  64.276,   0.627, 142.775,  39.660,  15.000,  25.000,   0.000,  90.000,  90.000,    1,   0.000
16:23:25:157, 28483432991512,  235.589,    8.000, 2400,   3.711,1078.509, 299.586,   1.607, 587.109, 163.086, 47,  0,   0.903, 231.490,  64.303,   0.626, 142.842,  39.678,  15.000,  25.000,   0.000,  90.000,  90.000,    1,   0.000
16:23:25:266, 28483694778409,  235.698,    6.000, 2300,   3.254,1078.864, 299.684,   1.195, 587.239, 163.122, 46,  0,   0.855, 231.583,  64.329,   0.631, 142.911,  39.698,  15.000,  25.000,   0.000,  90.000,  90.000,    1,   0.000
16:23:25:373, 28483952220826,  235.805,   20.000, 2700,   4.604,1079.358, 299.822,   2.538, 587.512, 163.198, 48,  0,   1.003, 231.691,  64.359,   0.625, 142.978,  39.716,  15.000,  25.000,   0.000,  90.000,  90.000,    1,   0.000
16:23:25:484, 28484219119426,  235.916,   22.000, 2700,   5.119,1079.927, 299.980,   2.921, 587.837, 163.288, 50,  0,   1.115, 231.815,  64.393,   0.629, 143.048,  39.736,  15.000,  25.000,   0.000,  90.000,  90.000,    2,   0.102
16:23:25:594, 28484482666754,  236.026,   69.000, 2700,   9.463,1080.966, 300.268,   7.183, 588.625, 163.507, 53,  0,   1.522, 231.982,  64.439,   0.634, 143.118,  39.755,  15.000,  25.000,   0.000,  90.000,  90.000,    5,   0.174
16:23:25:731, 28484821846136,  236.168,   35.000, 2800,   5.148,1081.694, 300.471,   2.918, 589.038, 163.622, 51,  0,   1.001, 232.123,  64.479,   0.647, 143.209,  39.780,  15.000,  25.000,   0.000,  90.000,  90.000,    6,   0.768
16:23:25:816, 28485015701258,  236.248,    8.000, 2700,   4.004,1082.017, 300.560,   1.900, 589.191, 163.664, 48,  0,   0.904, 232.196,  64.499,   0.638, 143.261,  39.795,  15.000,  25.000,   0.000,  90.000,  90.000,    5,   0.240
16:23:25:927, 28485281560927,  236.359,    8.000, 2300,   3.626,1082.419, 300.672,   1.508, 589.358, 163.711, 47,  0,   0.901, 232.296,  64.527,   0.635, 143.331,  39.814,  15.000,  25.000,   0.000,  90.000,  90.000,    1,   0.000
16:23:26:051, 28485579006557,  236.483,    9.000, 2500,   3.987,1082.913, 300.809,   1.842, 589.586, 163.774, 47,  0,   0.925, 232.411,  64.559,   0.644, 143.411,  39.836,  15.000,  25.000,   0.000,  90.000,  90.000,    1,   0.000
16:23:26:159, 28485837374430,  236.591,    8.000, 2300,   3.562,1083.297, 300.916,   1.442, 589.742, 163.817, 47,  0,   0.899, 232.508,  64.585,   0.633, 143.479,  39.855,  15.000,  25.000,   0.000,  90.000,  90.000,    1,   0.000
16:23:26:268, 28486099859814,  236.700,    7.000, 2300,   3.400,1083.668, 301.019,   1.306, 589.885, 163.857, 47,  0,   0.883, 232.604,  64.612,   0.628, 143.548,  39.874,  15.000,  25.000,   0.000,  90.000,  90.000,    1,   0.000
16:23:26:374, 28486354645078,  236.806,   21.000, 2700,   4.665,1084.164, 301.157,   2.564, 590.157, 163.932, 49,  0,   1.120, 232.723,  64.645,   0.628, 143.614,  39.893,  15.000,  25.000,   0.000,  90.000,  90.000,    1,   0.000
16:23:26:496, 28486646971902,  236.928,    8.000, 2300,   3.478,1084.587, 301.274,   1.443, 590.332, 163.981, 47,  0,   0.847, 232.826,  64.674,   0.630, 143.691,  39.914,  15.000,  25.000,   0.000,  90.000,  90.000,    2,   0.000
16:23:26:609, 28486917809290,  237.041,   22.000, 2700,   4.615,1085.108, 301.419,   2.433, 590.607, 164.058, 48,  0,   1.058, 232.946,  64.707,   0.654, 143.765,  39.935,  15.000,  25.000,   0.000,  90.000,  90.000,    4,   0.210
16:23:26:728, 28487211346370,  237.163,   37.000, 2700,   5.007,1085.720, 301.589,   2.912, 590.963, 164.156, 50,  0,   0.958, 233.063,  64.740,   0.643, 143.843,  39.957,  15.000,  25.000,   0.000,  90.000,  90.000,    6,   0.608
16:23:26:835, 28487460588000,  237.267,    8.000, 2400,   3.910,1086.126, 301.702,   1.685, 591.138, 164.205, 47,  0,   0.963, 233.163,  64.767,   0.666, 143.913,  39.976,  15.000,  25.000,   0.000,  90.000,  90.000,   12,   1.717
16:23:26:944, 28487722275038,  237.376,    8.000, 2400,   3.589,1086.518, 301.810,   1.471, 591.299, 164.250, 46,  0,   0.903, 233.261,  64.795,   0.642, 143.983,  39.995,  15.000,  25.000,   0.000,  90.000,  90.000,    1,   0.000
16:23:27:053, 28487983894634,  237.485,    9.000, 2400,   3.685,1086.919, 301.922,   1.563, 591.469, 164.297, 47,  0,   0.908, 233.360,  64.822,   0.637, 144.052,  40.014,  15.000,  25.000,   0.000,  90.000,  90.000,    1,   0.000
16:23:27:160, 28488240359584,  237.592,    8.000, 2300,   3.405,1087.283, 302.023,   1.369, 591.615, 164.338, 46,  0,   0.871, 233.453,  64.848,   0.624, 144.119,  40.033,  15.000,  25.000,   0.000,  90.000,  90.000,    1,   0.000
16:23:27:270, 28488505113018,  237.702,   17.000, 1000,   2.947,1087.608, 302.113,   0.922, 591.717, 164.366, 46,  0,   0.860, 233.548,  64.874,   0.626, 144.188,  40.052,  15.000,  25.000,   0.000,  90.000,  90.000,   24,   0.000
16:23:27:376, 28488759677081,  237.808,    7.000, 2700,   3.897,1088.022, 302.228,   1.716, 591.899, 164.416, 46,  0,   0.898, 233.643,  64.901,   0.702, 144.262,  40.073,  15.000,  25.000,   0.000,  90.000,  90.000,    2,   0.000
16:23:27:488, 28489028002825,  237.920,   61.000, 2700,   8.878,1089.014, 302.504,   6.561, 592.633, 164.620, 52,  0,   1.576, 233.820,  64.950,   0.631, 144.333,  40.092,  15.000,  25.000,   0.000,  90.000,  90.000,    1,   0.000
16:23:27:598, 28489291796464,  238.030,   88.000, 2700,  10.561,1090.175, 302.826,   8.108, 593.524, 164.868, 53,  0,   1.811, 234.019,  65.005,   0.652, 144.404,  40.112,  15.000,  25.000,   0.000,  90.000,  90.000,    6,   0.681
16:23:27:730, 28489626856888,  238.170,   32.000, 2300,   6.760,1091.119, 303.089,   4.576, 594.163, 165.045, 50,  0,   1.183, 234.184,  65.051,   0.652, 144.495,  40.138,  15.000,  25.000,   0.000,  90.000,  90.000,    7,   1.081
16:23:27:809, 28489798924335,  238.241,   14.000, 1000,   2.955,1091.331, 303.147,   1.058, 594.238, 165.066, 48,  0,   0.787, 234.240,  65.067,   0.642, 144.542,  40.150,  15.000,  25.000,   0.000,  90.000,  90.000,   34,   0.251
16:23:27:930, 28490089923970,  238.363,   15.000, 1000,   3.108,1091.708, 303.252,   1.124, 594.375, 165.104, 47,  0,   0.799, 234.337,  65.094,   0.688, 144.625,  40.174,  15.000,  25.000,   0.000,  90.000,  90.000,   22,   0.000
16:23:28:030, 28490329739763,  238.462,    8.000, 2300,   3.616,1092.069, 303.352,   1.637, 594.538, 165.150, 47,  0,   0.835, 234.421,  65.117,   0.683, 144.693,  40.193,  15.000,  25.000,   0.000,  90.000,  90.000,    1,   0.000
16:23:28:149, 28490614336566,  238.581,   22.000, 2300,   4.281,1092.577, 303.493,   2.255, 594.806, 165.224, 48,  0,   1.012, 234.541,  65.150,   0.644, 144.770,  40.214,  15.000,  25.000,   0.000,  90.000,  90.000,    5,   0.743
16:23:28:256, 28490871843303,  238.688,    7.000, 2300,   3.187,1092.919, 303.588,   1.215, 594.936, 165.260, 47,  0,   0.836, 234.630,  65.175,   0.627, 144.837,  40.232,  15.000,  25.000,   0.000,  90.000,  90.000,    2,   0.000
16:23:28:367, 28491137245591,  238.799,    8.000, 2300,   3.617,1093.318, 303.700,   1.534, 595.106, 165.307, 47,  0,   0.889, 234.729,  65.202,   0.624, 144.906,  40.252,  15.000,  25.000,   0.000,  90.000,  90.000,    1,   0.000
16:23:28:474, 28491393578844,  238.906,    8.000, 2300,   3.601,1093.703, 303.806,   1.488, 595.265, 165.351, 47,  0,   0.903, 234.825,  65.229,   0.626, 144.973,  40.270,  15.000,  25.000,   0.000,  90.000,  90.000,    1,   0.000
16:23:28:581, 28491650861209,  239.013,   10.000, 2300,   3.739,1094.104, 303.918,   1.619, 595.438, 165.400, 47,  0,   0.926, 234.924,  65.257,   0.631, 145.040,  40.289,  15.000,  25.000,   0.000,  90.000,  90.000,    4,   0.277
16:23:28:732, 28492017936146,  239.166,   34.000, 2800,   5.301,1094.915, 304.143,   3.180, 595.925, 165.535, 50,  0,   0.998, 235.077,  65.299,   0.639, 145.138,  40.316,  15.000,  25.000,   0.000,  90.000,  90.000,    4,   0.693
16:23:28:811, 28492202326943,  239.243,    6.000, 2300,   3.482,1095.182, 304.217,   1.441, 596.035, 165.565, 48,  0,   0.849, 235.142,  65.317,   0.643, 145.187,  40.330,  15.000,  25.000,   0.000,  90.000,  90.000,    6,   0.214
16:23:28:925, 28492476400730,  239.357,   11.000, 2300,   3.834,1095.620, 304.339,   1.734, 596.233, 165.620, 47,  0,   0.912, 235.246,  65.346,   0.620, 145.258,  40.350,  15.000,  25.000,   0.000,  90.000,  90.000,    1,   0.000
16:23:29:034, 28492738875697,  239.466,   11.000, 2300,   3.821,1096.038, 304.455,   1.708, 596.420, 165.672, 47,  0,   0.943, 235.349,  65.375,   0.625, 145.327,  40.368,  15.000,  25.000,   0.000,  90.000,  90.000,    2,   0.000
16:23:29:159, 28493038151123,  239.591,   36.000, 2700,   6.338,1096.828, 304.675,   4.204, 596.944, 165.818, 51,  0,   1.289, 235.510,  65.419,   0.630, 145.405,  40.390,  15.000,  25.000,   0.000,  90.000,  90.000,    1,   0.000
16:23:29:274, 28493315564607,  239.707,   38.000, 2700,   8.227,1097.779, 304.939,   6.024, 597.641, 166.011, 51,  0,   1.379, 235.670,  65.464,   0.647, 145.480,  40.411,  15.000,  25.000,   0.000,  90.000,  90.000,    4,   0.418
16:23:29:377, 28493561174439,  239.809,    9.000, 2700,   4.151,1098.204, 305.057,   2.065, 597.852, 166.070, 48,  0,   0.952, 235.767,  65.491,   0.661, 145.547,  40.430,  15.000,  25.000,   0.000,  90.000,  90.000,    9,   1.036
16:23:29:502, 28493861390717,  239.934,    8.000, 2400,   3.753,1098.674, 305.187,   1.645, 598.058, 166.127, 47,  0,   0.891, 235.878,  65.522,   0.628, 145.626,  40.452,  15.000,  25.000,   0.000,  90.000,  90.000,    2,   0.000
16:23:29:604, 28494107036996,  240.036,   11.000, 2400,   3.901,1099.073, 305.298,   1.783, 598.240, 166.178, 47,  0,   0.953, 235.976,  65.549,   0.639, 145.691,  40.470,  15.000,  25.000,   0.000,  90.000,  90.000,    6,   0.624
16:23:29:734, 28494424167150,  240.168,   33.000, 2800,   5.799,1099.839, 305.511,   3.600, 598.716, 166.310, 51,  0,   1.040, 236.113,  65.587,   0.649, 145.777,  40.494,  15.000,  25.000,   0.000,  90.000,  90.000,    7,   1.106
16:23:29:829, 28494645235086,  240.261,    8.000, 2400,   4.028,1100.210, 305.614,   1.904, 598.891, 166.359, 48,  0,   0.908, 236.197,  65.610,   0.633, 145.836,  40.510,  15.000,  25.000,   0.000,  90.000,  90.000,    5,   0.200
16:23:29:944, 28494922545652,  240.376,   17.000, 2700,   4.614,1100.743, 305.762,   2.467, 599.177, 166.438, 48,  0,   1.014, 236.314,  65.643,   0.642, 145.910,  40.530,  15.000,  25.000,   0.000,  90.000,  90.000,    5,   0.515
16:23:30:043, 28495160009878,  240.475,   10.000, 2700,   4.155,1101.154, 305.876,   2.021, 599.377, 166.493, 47,  0,   0.972, 236.410,  65.670,   0.630, 145.972,  40.548,  15.000,  25.000,   0.000,  90.000,  90.000,    1,   0.000
16:23:30:167, 28495457480050,  240.599,   19.000, 2700,   4.679,1101.734, 306.037,   2.512, 599.688, 166.580, 48,  0,   1.040, 236.539,  65.705,   0.628, 146.050,  40.569,  15.000,  25.000,   0.000,  90.000,  90.000,    1,   0.000
16:23:30:278, 28495723319237,  240.710,    7.000, 2400,   3.612,1102.134, 306.148,   1.500, 599.854, 166.626, 47,  0,   0.891, 236.638,  65.733,   0.628, 146.119,  40.589,  15.000,  25.000,   0.000,  90.000,  90.000,    1,   0.000
16:23:30:385, 28495981114336,  240.817,    7.000, 2400,   3.437,1102.504, 306.251,   1.351, 599.999, 166.666, 47,  0,   0.882, 236.733,  65.759,   0.628, 146.187,  40.607,  15.000,  25.000,   0.000,  90.000,  90.000,    1,   0.000
16:23:30:504, 28496267549101,  240.937,    8.000, 2400,   3.552,1102.928, 306.369,   1.425, 600.169, 166.714, 47,  0,   0.902, 236.840,  65.789,   0.626, 146.262,  40.628,  15.000,  25.000,   0.000,  90.000,  90.000,    1,   0.000
16:23:30:615, 28496531993716,  241.047,    9.000, 2400,   3.707,1103.336, 306.482,   1.583, 600.344, 166.762, 47,  0,   0.934, 236.943,  65.818,   0.639, 146.332,  40.648,  15.000,  25.000,   0.000,  90.000,  90.000,    4,   0.198
16:23:30:737, 28496832468222,  241.172,   35.000, 2800,   4.792,1103.936, 306.649,   2.664, 600.677, 166.855, 50,  0,   0.967, 237.064,  65.851,   0.643, 146.413,  40.670,  15.000,  25.000,   0.000,  90.000,  90.000,    6,   0.762
16:23:30:831, 28497050569870,  241.263,   10.000, 2700,   4.233,1104.321, 306.756,   2.070, 600.865, 166.907, 48,  0,   0.949, 237.151,  65.875,   0.637, 146.471,  40.686,  15.000,  25.000,   0.000,  90.000,  90.000,    4,   0.265
16:23:30:937, 28497306277368,  241.369,    8.000, 2700,   3.852,1104.731, 306.870,   1.723, 601.049, 166.958, 47,  0,   0.918, 237.248,  65.902,   0.626, 146.537,  40.705,  15.000,  25.000,   0.000,  90.000,  90.000,    1,   0.000
16:23:31:047, 28497568767513,  241.479,   10.000, 2700,   4.021,1105.171, 306.992,   1.914, 601.258, 167.016, 47,  0,   0.949, 237.352,  65.931,   0.625, 146.606,  40.724,  15.000,  25.000,   0.000,  90.000,  90.000,    1,   0.000
16:23:31:153, 28497824657386,  241.585,    8.000, 2400,   3.665,1105.562, 307.100,   1.551, 601.424, 167.062, 47,  0,   0.890, 237.447,  65.957,   0.625, 146.672,  40.742,  15.000,  25.000,   0.000,  90.000,  90.000,    1,   0.000
16:23:31:264, 28498089509388,  241.696,   33.000, 2700,   6.888,1106.322, 307.312,   4.747, 601.947, 167.208, 50,  0,   1.013, 237.559,  65.989,   0.629, 146.742,  40.762,  15.000,  25.000,   0.000,  90.000,  90.000,    1,   0.000
16:23:31:375, 28498356942904,  241.807,   43.000, 2700,   7.203,1107.124, 307.535,   5.070, 602.512, 167.365, 50,  0,   1.273, 237.701,  66.028,   0.667, 146.816,  40.782,  15.000,  25.000,   0.000,  90.000,  90.000,   13,   1.454
16:23:31:481, 28498611009533,  241.913,   19.000, 2700,   4.296,1107.579, 307.661,   2.385, 602.765, 167.435, 49,  0,   0.819, 237.787,  66.052,   0.637, 146.883,  40.801,  15.000,  25.000,   0.000,  90.000,  90.000,    1,   0.000
16:23:31:602, 28498902319821,  242.034,   32.000, 2700,   6.951,1108.423, 307.895,   5.080, 603.381, 167.606, 51,  0,   0.849, 237.890,  66.081,   0.638, 146.961,  40.822,  15.000,  25.000,   0.000,  90.000,  90.000,    1,   0.000
16:23:31:754, 28499286270029,  242.194,   72.000, 2800,   3.939,1109.053, 308.070,   2.126, 603.722, 167.700, 49,  0,   0.911, 238.036,  66.121,   0.651, 147.065,  40.851,  15.000,  25.000,   0.000,  90.000,  90.000,    7,   0.996

Total Elapsed Time (sec) = 242.194354
Measured RDTSC Frequency (GHz) = 2.400

Cumulative Processor Energy_0 (Joules) = 1109.053101
Cumulative Processor Energy_0 (mWh) = 308.070306
Average Processor Power_0 (Watt) = 4.579186

Cumulative IA Energy_0 (Joules) = 603.721558
Cumulative IA Energy_0 (mWh) = 167.700433
Average IA Power_0 (Watt) = 2.492715

Cumulative DRAM Energy_0 (Joules) = 238.036194
Cumulative DRAM Energy_0 (mWh) = 66.121165
Average DRAM Power_0 (Watt) = 0.982831

Cumulative GT Energy_0 (Joules) = 147.064880
Cumulative GT Energy_0 (mWh) = 40.851356
Average GT Power_0 (Watt) = 0.607218
